      0  429000  42900c      11      11      11      11      11      10      11      11       1 
      5  417014  414fd8      11      11      11      11      11      10       0      11       1 
      6  429018  429048      11      11      11      11      11      10      11      11       1 
      9  411024  42b5b0      11      11      11      11      11      10      11      11       1 
     10  42b028  42afc0      11      11      11      10      10      10       0      11       0 
     13  405034  40500c      11      11      11      10      10      10       0      11       0 
     19  40504c  4050c8      11      11      11      11      11      10      11      11       1 
     26  429068  42907c      11      11      11      11      11      10      11      11       1 
     32  429080  4074f8      11      11      11      11      11      10      11      11       1 
     44  4050b0  405088      11      11      11      10      10      10       0      11       0 
     45  42c0b4  42c0f8      11      11      11      11      11      10      11      11       1 
     47  4170bc  4170d8      11      11      11      11      11      10      11      11       1 
     53  41d0d4  41d0e4      11      11      11      11      11      10      11      11       1 
     55  4050dc  404ed8      11      11      10      11      10      10       0      11       0 
     58  4170e8  4170ac      11      11      11      10      10      10       0      11       0 
     60  4050f0  405104      11      11      11      11      11      10       0      11       1 
     66  41d108  41d0fc      11      11      11      10      10      10       0      11       0 
     68  41d110  405dcc      11      11      11      11      11      10      11      11       1 
     71  41d11c  41d12c      11      11      11      11      11      10       0      11       1 
     78  42c138  42c1e4      11      11      11      11      11      10      11      11       1 
     85  405154  4285a0      11      11      11      11      11      10       0      11       1 
     94  41d178  41d16c      11      11      11      10      10      10       0      11       0 
     96  41d180  405244      11      11      11      11      11      10      11      11       1 
    105  4001a4  414f20      11      11      11      11      11      10       0      11       1 
    107  4051ac  4285a0      11      11      11      11      11      10      11      11       1 
    108  41d1b0  41d19c      11      11      11      10      10      10       0      11       0 
    110  41d1b8  40642c      11      11       1      11       1      10       0      11       1 
    111  42d1bc  42c4dc      11      11      11      11      11      10      11      11       1 
    112  4051c0  41d0cc      11      11      11      11      11      10      11      11       1 
    114  4291c8  42ac70      11      11      11      11      11      10      11      11       1 
    117  42d1d4  42c9d0      11      11      11      11      11      10       0      11       1 
    120  4051e0  40516c      11      10      11      11      10      10       0      11       0 
    121  4291e4  42920c      11      11      11      10      10      10       0      11       0 
    123  42c1ec  42c20c      11      11      11      11      11      10      11      11       1 
    124  4291f0  429204      11      11      11      11      11      10      11      11       1 
    126  4051f8  405204      11      11      11      11      11      10       0      11       1 
    127  42d1fc  42c6d8      11      11      11      11      11      10       0      11       1 
    128  429200  4170b8      11      11      11      10      11       0       1      11       1 
    130  429208  406970      11      10      11      11      10      10       0      11       1 
    131  42b20c  428564      11      11      11      11      11      10      11      11       1 
    132  429210  4068bc      11      11      11       0       0      10      11      11       1 
    135  42c21c  42b53c      11      11      11      11      11      10      11      11       1 
    136  405220  4285a0      11      11      11      11      11      10       0      11       1 
    140  42b230  4287a4      11      11      11      11      11      10      11      11       1 
    142  42c238  428fb0      11      11      11      11      11      10      11      11       1 
    143  42d23c  4285a0      11      11      11      11      11      10      11      11       1 
    144  405240  41d114      11      11      11      11      11      10       0      11       1 
    145  429244  429290      11      11      11      11      11      10      11      11       1 
    146  42d248  42d254      11      11      11      11      11      10      11      11       1 
    147  42b24c  42b258      11      11      11      11      11      10       0      11       1 
    149  42c254  42ba64      11      11      11      11      11      10      11      11       1 
    151  42d25c  42d620      11      11      11      11      11      10      11      11       1 
    152  405260  40526c      11      11      11      11      11      10       0      11       1 
    157  42b274  42b2a8      11      11      11      11      11      10      11      11       1 
    158  42d278  42c860      11      11      11      10      10      10       0      11       1 
    162  405288  4285a0      11      11      11      11      11      10       0      11       1 
    166  405298  41d0cc      11      11      11      11      11      10       0      11       1 
    167  42929c  4292bc      11      11      11      11      11      10      11      11       1 
    171  42d2ac  42d2b8      11      11      11      11      11      10       0      11       1 
    172  4052b0  4285a0      11      11      11      11      11      10       0      11       1 
    175  42d2bc  42c758      11      11      11      11      11      10       0      11       1 
    177  4292c4  429300      11      11      11      11      11      10      11      11       1 
    178  4052c8  4285a0      11      11      11      11      11      10       0      11       1 
    184  4052e0  4285a0      11      11      11      11      11      10       0      11       1 
    190  4052f8  4285a0      11      11      11      11      11      10       0      11       1 
    195  42930c  429358      11      11      11      11      11      10      11      11       1 
    196  405310  406a20      11      11      11      11      11      10       0      11       1 
    205  42b334  42b2ec      11      11      11      10      10      10       0      11       0 
    213  415354  4153d0      11      11      11      11      11      10       0      11       1 
    215  42b35c  42b34c      11      11      11      10      10      10       0      11       0 
    217  42b364  42b3b4      11      11      11      11      11      10      11      11       1 
    220  429370  4293a8      11      11      11      11      11      10      11      11       1 
    225  429384  429394      11      11      11      11      11      10       0      11       1 
    230  429398  42c4c0      11      11      11      11      11      10       0      11       1 
    232  4293a0  42935c      11      11      11      11      11      10       0      11       1 
    235  4293ac  42c570      11      11      11      11      11      10      11      11       1 
    238  4293b8  429418      11      11      11      11      11      10      11      11       1 
    241  4063c4  406410      11      11      11      11      11      10      11      11       1 
    245  42b3d4  4289c8      11      11      11      11      11      10      11      11       1 
    250  4153e8  4152c4      11      11      11      11      11      10       0      11       1 
    262  406418  41d184      11      11      11      11      11      10      11      11       1 
    265  429424  429438      11      11      11      11      11      10      11      11       1 
    266  406428  41d184      11      11      11      11      11      10      11      11       1 
    276  415450  428540      11      11      11      11      11      10       0      11       1 
    278  406458  406468      11      11      11      11      11      10      11      11       1 
    288  415480  428540      11      11      11      11      11      10      11      11       1 
    291  42948c  4294d8      11      11      11      11      11      10       0      11       1 
    293  415494  41546c      11      11      11      10      10      10       0      11       0 
    294  406498  4064b8      11      11      11       0       0      10      11      11       0 
    295  41549c  428540      11      11      11      11      11      10       0      11       1 
    299  4154ac  428540      11      11      11      11      11      10       0      11       1 
    301  4064b4  4065f4      11      11      11      11      11      10      11      11       1 
    303  4064bc  429220      11      11      11      11      11      10       0      11       1 
    306  4064c8  4065f4      11      11      11      11      11      10       0      11       1 
    309  4154d4  4155c8      11      11      11      11      11      10       0      11       1 
    310  42c4d8  42d1a0      11      11      11      11      11      10      11      11       1 
    312  4294e0  4294fc      11      11      11      11      11      10       0      11       1 
    314  42c4e8  42c4f8      11      11      11      11      11      10      11      11       1 
    317  4074f4  428fb0      11      11      11      11      11      10      11      11       1 
    320  42c500  42c508      11      11      11      11      11      10      11      11       1 
    322  407508  407588      11      11      11      11      11      10      11      11       1 
    324  42c510  4285a0      11      11      11      11      11      10      11      11       1 
    325  429514  429590      11      11      11      11      11      10       0      11       1 
    326  406518  4066c0      11      11      11      11      11      10      11      11       1 
    327  42c51c  42c544      11      11      11      11      11      10      11      11       1 
    328  429520  429538      11      11      11      11      11      10       0      11       1 
    336  42b540  42b590      11      11      11      11      11      10      11      11       1 
    339  42954c  42c590      11      11      11      11      11      10       0      11       1 
    341  429554  429578      11      11      11      11      11      10       0      11       1 
    344  406560  4066c0      11      11      11      11      11      10      11      11       1 
    347  42c56c  42939c      11      11      11      10      10      10       0      11       1 
    349  406574  4066c0      11      11      11      11      11      10      11      11       1 
    350  428578  428588      11      11      11      11      11      10      11      11       1 
    351  42c57c  42c588      11      11      11      11      11      10      11      11       1 
    354  429588  42950c      11      11      11      11      11      10       0      11       1 
    355  42c58c  4293b0      11      11      11      11      11      10      11      11       1 
    357  407594  4075d8      11      11      11      11      11      10      11      11       1 
    361  4075a4  41dc18      11      11      11      11      11      10       0      11       1 
    363  42b5ac  411024      11      11      11      11      11      10      11      11       1 
    364  4285b0  42864c      11      11      11      11      11      10      11      11       1 
    365  42c5b4  42c5bc      11      11      11      11      11      10       0      11       1 
    366  4075b8  41dc18      11      11      11      11      11      10       0      11       1 
    367  4155bc  416640      11      11      11      11      11      10       0      11       1 
    370  42b5c8  42c220      11      11      11      11      11      10      11      11       1 
    371  4075cc  41dc18      11      11      11      11      11      10       0      11       1 
    372  4155d0  415568      11      11      11      11      11      10       0      11       1 
    373  4285d4  42b210      11      11      11      11      11      10       0      11       1 
    375  4075dc  405d5c      11      11      11      11      11      10      11      11       1 
    377  4075e4  406824      11      11      11      11      11      10      11      11       1 
    380  4065f0  4066c0      11      11      11      11      11      10      11      11       1 
    383  4065fc  4065ac      11       0      11       0       0      11      11      11       0 
    384  407600  406868      11      10      11      11      10      10       0      11       0 
    385  423604  40769c      11      11      11      11      11      10       0      11       1 
    387  40660c  406514      11      11       0       0       0      11      11      11       0 
    389  406614  40664c      11      11      11      11      11      10      11      11       1 
    394  407628  4068a8      11      11       0      11       0      10      11      11       0 
    395  42b62c  42b63c      11      11      11      10      10      10       0      11       0 
    396  407630  4074f0      11      11      11      11      11      10      11      11       1 
    397  42c634  42c678      11      11      11      11      11      10      11      11       1 
    398  42b638  42bac4      11      11      11      11      11      10      11      11       1 
    401  428644  428638      11      11      11      10      10      10       0      11       0 
    402  42d648  42d67c      11      11      11      11      11      10       0      11       1 
    405  406654  406564      11      10      11      11      10      10       0      11       0 
    406  42b658  42b740      11      11      11      11      11      10      11      11       1 
    407  40665c  406670      11      11      11      11      11      10      11      11       1 
    411  42866c  42867c      11      11      11      11      11      10      11      11       1 
    412  429670  42968c      11      11      11      11      11      10       0      11       1 
    413  42d674  42d650      11      11      11      10      10      10       0      11       0 
    414  406678  40651c      11      11      11      11      11      10      11      11       1 
    416  407680  407f3c      11      11      11      11      11      10       0      11       1 
    417  42d684  42d69c      11      11      11      10      10      10       0      11       0 
    419  42c68c  42c6c4      11      11      11      11      11      10       0      11       1 
    420  416690  4291d0      11      11      11      11      11      10       0      11       1 
    421  428694  4286a4      11      11      11      11      11      10      11      11       1 
    422  407698  423600      11      11      11      11      11      10       0      11       1 
    423  41669c  4166b0      11      11      11      11      11      10       0      11       1 
    424  42d6a0  42d6b4      11      11      11      11      11      10      11      11       1 
    425  4296a4  429ecc      11      11      11      11      11      10       0      11       1 
    426  4076a8  4067d0      11      11      11      11      11      10       0      11       1 
    427  4286ac  42868c      11      11      11      10      10      10       0      11       0 
    430  42d6b8  42d260      11      11      11      11      11      10      11      11       1 
    432  4166c0  4166ec      11      11      11      11      11      10       0      11       1 
    435  4286cc  4286fc      11      11      11      11      11      10      11      11       1 
    437  42c6d4  42d1e0      11      11      11      11      11      10       0      11       1 
    438  4286d8  428724      11      11      11      11      11      10      11      11       1 
    440  4066e0  406488      11      11      11      11      11      10      11      11       1 
    441  42c6e4  42c6f4      11      11      11      11      11      10       0      11       1 
    442  4236e8  4236f4      11      11      11      11      11      10      11      11       1 
    444  4286f0  4286fc      11      11      11      11      11      10      11      11       1 
    449  406704  41dda0      11      11      11      11      11      10      11      11       1 
    451  42c70c  42c730      11      11      11      11      11      10       0      11       1 
    453  416714  416734      11      11      11      11      11      10       0      11       1 
    454  423718  42372c      11      11      11      11      11      10       0      11       1 
    456  406720  406748      11      11      11      11      11      10      11      11       1 
    458  423728  423734      11      11      11      11      11      10       0      11       1 
    460  423730  423878      11      11      11      11      11      10       0      11       1 
    461  406734  41dda0      11      11      11      11      11      10      11      11       1 
    463  42c73c  4297f4      11      11      11      11      11      10       0      11       1 
    468  406750  4067a4      11      11      11      11      11      10      11      11       1 
    469  42b754  42b7cc      11      11      11      11      11      10      11      11       1 
    472  428760  428768      11      11      11      11      11      10      11      11       1 
    473  42c764  42d220      11      11      11      11      11      10       0      11       1 
    475  42c76c  42c780      11      11      11      11      11      10       0      11       1 
    476  428770  428780      11      11      11      11      11      10      11      11       1 
    482  428788  428798      11      11      11      11      11      10      11      11       1 
    486  423798  429ae0      11      11      11      11      11      10       0      11       1 
    488  4287a0  42b210      11      11      11      11      11      10      11      11       1 
    493  42c7b4  42c7a4      11      11      11      10      10      10       0      11       0 
    494  4237b8  4237e4      11      11      11      11      11      10       0      11       1 
    499  4067cc  4075e0      11      11      11      11      11      10      11      11       1 
    500  4287d0  4287e8      11      11      11       1       1      10       0      11       1 
    501  42b7d4  42b7e8      11      11      11      11      11      10      11      11       1 
    502  4297d8  4297e4      11      11      11      11      11      10       0      11       1 
    505  4287e4  4287d4      11      11      10       0       0      10       0      11       0 
    508  4297f0  42c5d0      11      11      11      11      11      10       0      11       1 
    509  4287f4  4286dc      11      11      11      11      11      10      11      11       1 
    512  429800  4166bc      11      11      11      11      11      10       0      11       1 
    513  42b804  42b83c      11      11      11      11      11      10      11      11       1 
    514  42c808  42c81c      11      11      11      11      11      10      11      11       1 
    521  4e7824  4285e8      11      11      11      11      11      10       0      11       1 
    522  42c828  42c840      11      11      11      11      11      10       0      11       1 
    524  406830  406854      11      11      11       0       0      10      11      11       0 
    527  42883c  428960      11      11      11      11      11      10      11      11       1 
    532  406850  4075e8      11      11      11      11      11      10      11      11       1 
    533  428854  428868      11      11      11      11      11      10      11      11       1 
    534  406858  429220      11      11      11      11      11      10       0      11       1 
    535  42c85c  42d220      11      11      11      11      11      10       0      11       1 
    537  406864  4075e8      11      11      11      11      11      10       0      11       1 
    538  42b868  42b874      11      11      11      11      11      10      11      11       1 
    539  42886c  428880      11      11      11      11      11      10      11      11       1 
    542  406878  406820      11      11      11      11      11      10      11      11       1 
    544  42b880  42b8a0      11      11      11      11      11      10      11      11       1 
    545  423884  41541c      11      11      11      10      10      10       0      11       1 
    550  428898  4288cc      11      11      11      11      11      10      11      11       1 
    551  42c89c  4297d4      11      11      11      11      11      10       0      11       1 
    555  4068ac  405b58      11      11      11      11      11      10      11      11       1 
    558  4068b8  4291d0      11      11      11      11      11      10      11      11       1 
    559  42b8bc  42b8cc      11      11      11      11      11      10      11      11       1 
    560  4068c0  406968      11      11      11      11      11      10       0      11       1 
    564  42b8d0  42b8f8      11      11      11      11      11      10      11      11       1 
    565  4068d4  406908      11      11      11      11      11      10       0      11       1 
    569  4288e4  4288f4      11      11      11       1       1      10       0      11       1 
    571  4288ec  4288f8      11      11      11      11      11      10      11      11       1 
    575  42b8fc  42b90c      11      11      11      11      11      10      11      11       1 
    582  406918  428f0c      11      11      11      11      11      10       0      11       1 
    584  406920  406930      11      11      11      11      11      10       0      11       1 
    585  428924  428930      11      11      11      11      11      10      11      11       1 
    590  428938  42894c      11      11      11       0       0      10       0      11       0 
    594  428948  4289d4      11      11      11      11      11      10      11      11       1 
    598  406958  406820      11      11      11      11      11      10       0      11       1 
    599  42895c  4287f8      11      11      11      11      11      10      11      11       1 
    603  40696c  4291d0      11      11      11      11      11      10       0      11       1 
    605  42b974  42b9e4      11      11      11      11      11      10      11      11       1 
    608  428980  4285a0      11      11      11      11      11      10      11      11       1 
    610  406988  4069bc      11      11      11      11      11      10       0      11       1 
    613  428994  4289a0      11      11      11      11      11      10      11      11       1 
    619  4289ac  4289bc      11      11      11      11      11      10      11      11       1 
    625  4289c4  42b260      11      11      11      11      11      10      11      11       1 
    627  4069cc  4069dc      11      11      11      11      11      10       0      11       1 
    630  42c9d8  42c5a8      11      11      11      11      11      10       0      11       1 
    632  4289e0  41de0c      11      11      11      11      11      10      11      11       1 
    634  42b9e8  428fb0      11      11      11      11      11      10      11      11       1 
    640  406a00  428f0c      11      11      11      11      11      10       0      11       1 
    642  406a08  406a18      11      11      11      11      11      10      11      11       1 
    647  406a1c  404bf0      11      11      11      11      11      10       0      11       1 
    649  406a24  407f84      11      11      11      11      11      10       0      11       1 
    651  406a2c  406824      11      11      11      11      11      10       0      11       1 
    657  416a44  414f48      11      11      11      11      11      10       0      11       1 
    664  42ba60  42baf0      11      11      11      11      11      10      11      11       1 
    676  42ba90  42b620      11      11      11      11      11      10      11      11       1 
    699  42baec  428f24      11      11      11      11      11      10      11      11       1 
    701  429af4  429b00      11      11      11      10      10      10       0      11       0 
    703  429afc  42379c      11      11      11      11      11      10       0      11       1 
    706  429b08  429ae8      11      11      11      11      11      10      11      11       1 
    723  42bb4c  42bb58      11      11      11      11      11      10      11      11       1 
    727  42bb5c  42bb80      11      11      11      11      11      10      11      11       1 
    745  405ba4  405bb4      11      11      11      11      11      10      11      11       1 
    750  42bbb8  42bc90      11      11      11      11      11      10      11      11       1 
    759  405bdc  405c48      11      11      11      11      11      10      11      11       1 
    775  404c1c  404c38      11      11      11      11      11      10       0      11       1 
    782  41dc38  4285a0      11      11      11      11      11      10      11      11       1 
    786  41dc48  41dc5c      11      11      11      11      11      10      11      11       1 
    788  42ac50  42ac5c      11      11      11      11      11      10      11      11       1 
    791  404c5c  404c6c      11      11      11      11      11      10       0      11       1 
    793  41dc64  41dc74      11      11      11      11      11      10      11      11       1 
    795  42ac6c  4291b0      11      11      11      11      11      10      11      11       1 
    797  42ac74  42ad80      11      11      11      11      11      10      11      11       1 
    798  404c78  4285a0      11      11      11      11      11      10       0      11       1 
    799  405c7c  405c8c      11      11      11      11      11      10      11      11       1 
    804  404c90  4285a0      11      11      11      11      11      10       0      11       1 
    808  41dca0  4285a0      11      11      11      11      11      10      11      11       1 
    810  404ca8  4285a0      11      11      11      11      11      10       0      11       1 
    812  42bcb0  42be48      11      11      11      11      11      10       0      11       1 
    816  404cc0  4285a0      11      11      11      11      11      10       0      11       1 
    817  41dcc4  4075d0      11      11      11       0       0      10       0      11       1 
    825  416ce4  4291d0      11      11      11      11      11      10       0      11       1 
    827  416cec  416dbc      11      11      11      11      11      10       0      11       1 
    831  404cfc  404d14      11      11      11      11      11      10       0      11       1 
    854  405d58  4068b0      11      11      11      11      11      10      11      11       1 
    858  404d68  404d78      11      11      11      11      11      10      11      11       1 
    877  42adb4  42ae8c      11      11      11      11      11      10      11      11       1 
    881  41ddc4  41de4c      11      11      11      11      11      10      11      11       1 
    882  405dc8  41d0cc      11      11      11      11      11      10      11      11       1 
    883  41ddcc  41ddd4      11      11      11      11      11      10      11      11       1 
    886  404dd8  404ce8      11      11      11      10      10      10       0      11       0 
    891  404dec  4285a0      11      11      11      11      11      10       0      11       1 
    893  416df4  4291d0      11      11      11      11      11      10       0      11       1 
    895  416dfc  416ec4      11      11      11      11      11      10       0      11       1 
    897  405e04  405e24      11       0      11       0       0      11      11      11       0 
    898  41de08  428840      11      11      11      11      11      10      11      11       1 
    901  41de14  41de44      11      11      11      11      11      10      11      11       1 
    904  405e20  405f10      11      11      11      11      11      10      11      11       1 
    905  404e24  404e30      11      11      11      11      11      10       0      11       1 
    906  405e28  429220      11      11      11      11      11      10       0      11       1 
    908  405e30  405f10      11      11      11      11      11      10       0      11       1 
    915  404e4c  4285a0      11      11      11      11      11      10       0      11       1 
    919  404e5c  41d0cc      11      11      11      11      11      10       0      11       1 
    924  42be70  42be88      11      11      11      10      10      10       0      11       0 
    926  42be78  42bf28      11      11      11      11      11      10      11      11       1 
    927  404e7c  404e88      11      11      11      11      11      10       0      11       1 
    928  429e80  429f08      11      10      11       0       0      10      10      11       0 
    933  42be94  42bec8      11      11      11      11      11      10      11      11       1 
    934  42ae98  42af1c      11      11      11      11      11      10      11      11       1 
    935  41de9c  41de88      11      11      11      10      10      10       0      11       0 
    937  404ea4  4285a0      11      11      11      11      11      10       0      11       1 
    939  41deac  406708      11      11      11      11      11      10      11      11       1 
    941  404eb4  41d0cc      11      11      11      11      11      10       0      11       1 
    943  429ebc  429ee0      11      11      11      11      11      10      11      11       1 
    946  429ec8  429460      11      11      11      11      11      10       0      11       1 
    949  429ed4  429ee4      11      11      11      11      11      10       0      11       1 
    950  405ed8  405fc0      11      11      11      11      11      10      11      11       1 
    955  404eec  404ef8      11      11      11      11      11      10      11      11       1 
    959  429efc  429f08      11       1      11      11       1      10       0      11       1 
    961  429f04  429e8c      11      11       0      11       0      10      11      11       0 
    963  405f0c  405fc0      11      11      11      11      11      10      11      11       1 
    966  405f18  405edc      11      11      11       0      11      11       0      11       1 
    968  42bf20  42c084      11      11      11      11      11      10      11      11       1 
    971  404f2c  41d0cc      11      11      11      11      11      10      11      11       1 
    972  405f30  405f68      11      11      11      11      11      10      11      11       1 
    973  416f34  4291d0      11      11      11      11      11      10      11      11       1 
    974  429f38  42b1e0      11      11      11      11      11      10      11      11       1 
    975  416f3c  416f6c      11      11      11      11      11      10      11      11       1 
    977  414f44  416954      11      11      11      11      11      10       0      11       1 
    978  407f48  4285a0      11      11      11      11      11      10       0      11       1 
    988  405f70  405eac      11      11      11      11      11      10       0      11       1 
    990  416f78  416f2c      11      11      11      10      10      10       0      11       0 
    992  405f80  405e80      11      11      11      11      11      10      11      11       1 
    996  416f90  416ef0      11      11      11      10      10      10       0      11       0 
   1000  407fa0  4285a0      11      11      11      11      11      10       0      11       1 
   1002  416fa8  416fb8      11      11      11      11      11      10       0      11       1 
   1006  404fb8  404f78      11      11      11      10      10      10       0      11       0 
   1008  416fc0  41706c      11      11      11      11      11      10       0      11       1 
   1010  416fc8  416fd8      11      11      11      11      11      10       0      11       1 
   1011  428fcc  428fd8      11      11      11      11      11      10      11      11       1 
   1012  404fd0  405050      11      11      11      11      11      10       0      11       1 
   1013  405fd4  405df4      11      11      11      10      10      10       0      11       0 
   1016  416fe0  41706c      11      11      11      11      11      10       0      11       1 
   1017  428fe4  428ffc      11      11      11      11      11      10      11      11       1 
   1018  414fe8  4236a0      11      11      11      11      11      10       0      11       1 
   1020  42aff0  42b01c      11      11      11      11      11      10      11      11       1 
   1021  405ff4  4063b8      11      11      11      11      11      10      11      11       1 
   1023  414ffc  415344      11      11      11      11      11      10       0      11       1 
