  -2.973828000000000E+01,   0.000000000000000E+00
  -2.980175000000000E+01,   0.000000000000000E+00
  -2.997168000000000E+01,   0.000000000000000E+00
  -3.015820000000000E+01,   0.000000000000000E+00
  -3.032617000000000E+01,   0.000000000000000E+00
  -3.045019000000000E+01,   0.000000000000000E+00
  -3.055761000000000E+01,   0.000000000000000E+00
  -3.064258000000000E+01,   0.000000000000000E+00
  -3.072753000000000E+01,   0.000000000000000E+00
  -3.070410000000000E+01,   0.000000000000000E+00
  -3.076757000000000E+01,   0.000000000000000E+00
  -3.079003000000000E+01,   0.000000000000000E+00
  -3.083789000000000E+01,   0.000000000000000E+00
  -3.084472000000000E+01,   0.000000000000000E+00
  -3.087304000000000E+01,   0.000000000000000E+00
  -3.093554000000000E+01,   0.000000000000000E+00
  -3.107910000000000E+01,   0.000000000000000E+00
  -3.124121000000000E+01,   0.000000000000000E+00
  -3.148437000000000E+01,   0.000000000000000E+00
  -3.141797000000000E+01,   0.000000000000000E+00
  -3.132519000000000E+01,   0.000000000000000E+00
  -3.113671000000000E+01,   0.000000000000000E+00
  -3.083301000000000E+01,   0.000000000000000E+00
  -3.081542000000000E+01,   0.000000000000000E+00
  -3.074414000000000E+01,   0.000000000000000E+00
  -3.081347000000000E+01,   0.000000000000000E+00
  -3.095605000000000E+01,   0.000000000000000E+00
  -3.127441000000000E+01,   0.000000000000000E+00
  -3.162109000000000E+01,   0.000000000000000E+00
  -3.207031000000000E+01,   0.000000000000000E+00
  -3.250976000000000E+01,   0.000000000000000E+00
  -3.296093000000000E+01,   0.000000000000000E+00
  -3.329882000000000E+01,   0.000000000000000E+00
  -3.355078000000000E+01,   0.000000000000000E+00
  -3.374413000000000E+01,   0.000000000000000E+00
  -3.391601000000000E+01,   0.000000000000000E+00
  -3.420507000000000E+01,   0.000000000000000E+00
  -3.452734000000000E+01,   0.000000000000000E+00
  -3.503906000000000E+01,   0.000000000000000E+00
  -3.564648000000000E+01,   0.000000000000000E+00
  -3.620312000000000E+01,   0.000000000000000E+00
  -3.684374000000000E+01,   0.000000000000000E+00
  -3.746679000000000E+01,   0.000000000000000E+00
  -3.803906000000000E+01,   0.000000000000000E+00
  -3.878320000000000E+01,   0.000000000000000E+00
  -3.951171000000000E+01,   0.000000000000000E+00
  -4.032421000000000E+01,   0.000000000000000E+00
  -4.134765000000000E+01,   0.000000000000000E+00
  -4.236718000000000E+01,   0.000000000000000E+00
  -4.359179000000000E+01,   0.000000000000000E+00
  -4.440820000000000E+01,   0.000000000000000E+00
  -4.574609000000000E+01,   0.000000000000000E+00
  -4.644335000000000E+01,   0.000000000000000E+00
  -4.695116000000000E+01,   0.000000000000000E+00
  -4.619921000000000E+01,   0.000000000000000E+00
  -4.542772000000000E+01,   0.000000000000000E+00
  -4.456054000000000E+01,   0.000000000000000E+00
  -4.345702000000000E+01,   0.000000000000000E+00
  -4.259569000000000E+01,   0.000000000000000E+00
  -4.187109000000000E+01,   0.000000000000000E+00
  -4.131835000000000E+01,   0.000000000000000E+00
  -4.083593000000000E+01,   0.000000000000000E+00
  -4.013671000000000E+01,   0.000000000000000E+00
  -3.968163000000000E+01,   0.000000000000000E+00
  -3.908203000000000E+01,   0.000000000000000E+00
  -3.848046000000000E+01,   0.000000000000000E+00
  -3.790429000000000E+01,   0.000000000000000E+00
  -3.756054000000000E+01,   0.000000000000000E+00
  -3.724023000000000E+01,   0.000000000000000E+00
  -3.709960000000000E+01,   0.000000000000000E+00
  -3.678906000000000E+01,   0.000000000000000E+00
  -3.655663000000000E+01,   0.000000000000000E+00
  -3.630468000000000E+01,   0.000000000000000E+00
  -3.585742000000000E+01,   0.000000000000000E+00
  -3.532617000000000E+01,   0.000000000000000E+00
  -3.484570000000000E+01,   0.000000000000000E+00
  -3.424804000000000E+01,   0.000000000000000E+00
  -3.388867000000000E+01,   0.000000000000000E+00
  -3.365624000000000E+01,   0.000000000000000E+00
  -3.356640000000000E+01,   0.000000000000000E+00
  -3.341992000000000E+01,   0.000000000000000E+00
  -3.342773000000000E+01,   0.000000000000000E+00
  -3.333007000000000E+01,   0.000000000000000E+00
  -3.326367000000000E+01,   0.000000000000000E+00
  -3.318163000000000E+01,   0.000000000000000E+00
  -3.303124000000000E+01,   0.000000000000000E+00
  -3.296875000000000E+01,   0.000000000000000E+00
  -3.291406000000000E+01,   0.000000000000000E+00
  -3.290820000000000E+01,   0.000000000000000E+00
  -3.286718000000000E+01,   0.000000000000000E+00
  -3.283984000000000E+01,   0.000000000000000E+00
  -3.286523000000000E+01,   0.000000000000000E+00
  -3.280273000000000E+01,   0.000000000000000E+00
  -3.274414000000000E+01,   0.000000000000000E+00
  -3.270117000000000E+01,   0.000000000000000E+00
  -3.262499000000000E+01,   0.000000000000000E+00
  -3.255273000000000E+01,   0.000000000000000E+00
  -3.257421000000000E+01,   0.000000000000000E+00
  -3.262695000000000E+01,   0.000000000000000E+00
  -3.265625000000000E+01,   0.000000000000000E+00
  -3.281250000000000E+01,   0.000000000000000E+00
  -3.295702000000000E+01,   0.000000000000000E+00
  -3.307617000000000E+01,   0.000000000000000E+00
  -3.320312000000000E+01,   0.000000000000000E+00
  -3.333398000000000E+01,   0.000000000000000E+00
  -3.341992000000000E+01,   0.000000000000000E+00
  -3.356249000000000E+01,   0.000000000000000E+00
  -3.372851000000000E+01,   0.000000000000000E+00
  -3.390234000000000E+01,   0.000000000000000E+00
  -3.418945000000000E+01,   0.000000000000000E+00
  -3.445312000000000E+01,   0.000000000000000E+00
  -3.472070000000000E+01,   0.000000000000000E+00
  -3.499804000000000E+01,   0.000000000000000E+00
  -3.500781000000000E+01,   0.000000000000000E+00
  -3.479687000000000E+01,   0.000000000000000E+00
  -3.440234000000000E+01,   0.000000000000000E+00
  -3.401171000000000E+01,   0.000000000000000E+00
  -3.346484000000000E+01,   0.000000000000000E+00
  -3.299023000000000E+01,   0.000000000000000E+00
  -3.260351000000000E+01,   0.000000000000000E+00
  -3.237109000000000E+01,   0.000000000000000E+00
  -3.219336000000000E+01,   0.000000000000000E+00
  -3.213671000000000E+01,   0.000000000000000E+00
  -3.208398000000000E+01,   0.000000000000000E+00
  -3.202929000000000E+01,   0.000000000000000E+00
  -3.178515000000000E+01,   0.000000000000000E+00
  -3.158008000000000E+01,   0.000000000000000E+00
  -3.120312000000000E+01,   0.000000000000000E+00
  -3.086914000000000E+01,   0.000000000000000E+00
  -3.054785000000000E+01,   0.000000000000000E+00
  -3.032714000000000E+01,   0.000000000000000E+00
  -3.004590000000000E+01,   0.000000000000000E+00
  -2.975976000000000E+01,   0.000000000000000E+00
  -2.945800000000000E+01,   0.000000000000000E+00
  -2.930273000000000E+01,   0.000000000000000E+00
  -2.902539000000000E+01,   0.000000000000000E+00
  -2.877831000000000E+01,   0.000000000000000E+00
  -2.859179000000000E+01,   0.000000000000000E+00
  -2.842773000000000E+01,   0.000000000000000E+00
  -2.825585000000000E+01,   0.000000000000000E+00
  -2.814941000000000E+01,   0.000000000000000E+00
  -2.802539000000000E+01,   0.000000000000000E+00
  -2.796093000000000E+01,   0.000000000000000E+00
  -2.792871000000000E+01,   0.000000000000000E+00
  -2.784863000000000E+01,   0.000000000000000E+00
  -2.776660000000000E+01,   0.000000000000000E+00
  -2.772460000000000E+01,   0.000000000000000E+00
  -2.767480000000000E+01,   0.000000000000000E+00
  -2.759570000000000E+01,   0.000000000000000E+00
  -2.760156000000000E+01,   0.000000000000000E+00
  -2.762988000000000E+01,   0.000000000000000E+00
  -2.763379000000000E+01,   0.000000000000000E+00
  -2.761132000000000E+01,   0.000000000000000E+00
  -2.756835000000000E+01,   0.000000000000000E+00
  -2.749609000000000E+01,   0.000000000000000E+00
  -2.740136000000000E+01,   0.000000000000000E+00
  -2.728808000000000E+01,   0.000000000000000E+00
  -2.717578000000000E+01,   0.000000000000000E+00
  -2.706933000000000E+01,   0.000000000000000E+00
  -2.697265000000000E+01,   0.000000000000000E+00
  -2.686230000000000E+01,   0.000000000000000E+00
  -2.679980000000000E+01,   0.000000000000000E+00
  -2.678613000000000E+01,   0.000000000000000E+00
  -2.678320000000000E+01,   0.000000000000000E+00
  -2.677051000000000E+01,   0.000000000000000E+00
  -2.671875000000000E+01,   0.000000000000000E+00
  -2.671484000000000E+01,   0.000000000000000E+00
  -2.668945000000000E+01,   0.000000000000000E+00
  -2.667968000000000E+01,   0.000000000000000E+00
  -2.665332000000000E+01,   0.000000000000000E+00
  -2.663281000000000E+01,   0.000000000000000E+00
  -2.665429000000000E+01,   0.000000000000000E+00
  -2.667773000000000E+01,   0.000000000000000E+00
  -2.665820000000000E+01,   0.000000000000000E+00
  -2.663769000000000E+01,   0.000000000000000E+00
  -2.659961000000000E+01,   0.000000000000000E+00
  -2.668164000000000E+01,   0.000000000000000E+00
  -2.680371000000000E+01,   0.000000000000000E+00
  -2.695410000000000E+01,   0.000000000000000E+00
  -2.711621000000000E+01,   0.000000000000000E+00
  -2.716796000000000E+01,   0.000000000000000E+00
  -2.722461000000000E+01,   0.000000000000000E+00
  -2.717285000000000E+01,   0.000000000000000E+00
  -2.704394000000000E+01,   0.000000000000000E+00
  -2.689258000000000E+01,   0.000000000000000E+00
  -2.678418000000000E+01,   0.000000000000000E+00
  -2.665136000000000E+01,   0.000000000000000E+00
  -2.666699000000000E+01,   0.000000000000000E+00
  -2.661230000000000E+01,   0.000000000000000E+00
  -2.662890000000000E+01,   0.000000000000000E+00
  -2.666015000000000E+01,   0.000000000000000E+00
  -2.672851000000000E+01,   0.000000000000000E+00
  -2.675488000000000E+01,   0.000000000000000E+00
  -2.676855000000000E+01,   0.000000000000000E+00
  -2.685449000000000E+01,   0.000000000000000E+00
  -2.696582000000000E+01,   0.000000000000000E+00
  -2.712988000000000E+01,   0.000000000000000E+00
  -2.734863000000000E+01,   0.000000000000000E+00
  -2.750878000000000E+01,   0.000000000000000E+00
  -2.767089000000000E+01,   0.000000000000000E+00
  -2.769433000000000E+01,   0.000000000000000E+00
  -2.773144000000000E+01,   0.000000000000000E+00
  -2.772460000000000E+01,   0.000000000000000E+00
  -2.772265000000000E+01,   0.000000000000000E+00
  -2.774316000000000E+01,   0.000000000000000E+00
  -2.778320000000000E+01,   0.000000000000000E+00
  -2.786328000000000E+01,   0.000000000000000E+00
  -2.798339000000000E+01,   0.000000000000000E+00
  -2.809863000000000E+01,   0.000000000000000E+00
  -2.813867000000000E+01,   0.000000000000000E+00
  -2.811425000000000E+01,   0.000000000000000E+00
  -2.813769000000000E+01,   0.000000000000000E+00
  -2.817090000000000E+01,   0.000000000000000E+00
  -2.816406000000000E+01,   0.000000000000000E+00
  -2.834472000000000E+01,   0.000000000000000E+00
  -2.850195000000000E+01,   0.000000000000000E+00
  -2.865332000000000E+01,   0.000000000000000E+00
  -2.877148000000000E+01,   0.000000000000000E+00
  -2.881152000000000E+01,   0.000000000000000E+00
  -2.881738000000000E+01,   0.000000000000000E+00
  -2.879687000000000E+01,   0.000000000000000E+00
  -2.875976000000000E+01,   0.000000000000000E+00
  -2.870410000000000E+01,   0.000000000000000E+00
  -2.863671000000000E+01,   0.000000000000000E+00
  -2.862011000000000E+01,   0.000000000000000E+00
  -2.864160000000000E+01,   0.000000000000000E+00
  -2.859472000000000E+01,   0.000000000000000E+00
  -2.864648000000000E+01,   0.000000000000000E+00
  -2.877441000000000E+01,   0.000000000000000E+00
  -2.883496000000000E+01,   0.000000000000000E+00
  -2.903808000000000E+01,   0.000000000000000E+00
  -2.923535000000000E+01,   0.000000000000000E+00
  -2.941894000000000E+01,   0.000000000000000E+00
  -2.961523000000000E+01,   0.000000000000000E+00
  -2.986523000000000E+01,   0.000000000000000E+00
  -3.007031000000000E+01,   0.000000000000000E+00
  -3.018750000000000E+01,   0.000000000000000E+00
  -3.033691000000000E+01,   0.000000000000000E+00
  -3.046875000000000E+01,   0.000000000000000E+00
  -3.045703000000000E+01,   0.000000000000000E+00
  -3.029199000000000E+01,   0.000000000000000E+00
  -3.013476000000000E+01,   0.000000000000000E+00
  -2.986133000000000E+01,   0.000000000000000E+00
  -2.961621000000000E+01,   0.000000000000000E+00
  -2.937597000000000E+01,   0.000000000000000E+00
  -2.905175000000000E+01,   0.000000000000000E+00
  -2.880468000000000E+01,   0.000000000000000E+00
  -2.862695000000000E+01,   0.000000000000000E+00
  -2.840429000000000E+01,   0.000000000000000E+00
  -2.820117000000000E+01,   0.000000000000000E+00
  -2.808593000000000E+01,   0.000000000000000E+00
  -2.800879000000000E+01,   0.000000000000000E+00
  -2.793164000000000E+01,   0.000000000000000E+00
  -2.786816000000000E+01,   0.000000000000000E+00
  -2.783398000000000E+01,   0.000000000000000E+00
  -2.770507000000000E+01,   0.000000000000000E+00
  -2.757714000000000E+01,   0.000000000000000E+00
  -2.739355000000000E+01,   0.000000000000000E+00
  -2.727148000000000E+01,   0.000000000000000E+00
  -2.713769000000000E+01,   0.000000000000000E+00
  -2.705664000000000E+01,   0.000000000000000E+00
  -2.698144000000000E+01,   0.000000000000000E+00
  -2.699121000000000E+01,   0.000000000000000E+00
  -2.699121000000000E+01,   0.000000000000000E+00
  -2.711328000000000E+01,   0.000000000000000E+00
  -2.719238000000000E+01,   0.000000000000000E+00
  -2.724804000000000E+01,   0.000000000000000E+00
  -2.728222000000000E+01,   0.000000000000000E+00
  -2.735547000000000E+01,   0.000000000000000E+00
  -2.741210000000000E+01,   0.000000000000000E+00
  -2.746875000000000E+01,   0.000000000000000E+00
  -2.750000000000000E+01,   0.000000000000000E+00
  -2.745214000000000E+01,   0.000000000000000E+00
  -2.736621000000000E+01,   0.000000000000000E+00
  -2.732129000000000E+01,   0.000000000000000E+00
  -2.725488000000000E+01,   0.000000000000000E+00
  -2.733398000000000E+01,   0.000000000000000E+00
  -2.738281000000000E+01,   0.000000000000000E+00
  -2.745800000000000E+01,   0.000000000000000E+00
  -2.754004000000000E+01,   0.000000000000000E+00
  -2.761425000000000E+01,   0.000000000000000E+00
  -2.762402000000000E+01,   0.000000000000000E+00
  -2.759570000000000E+01,   0.000000000000000E+00
  -2.755468000000000E+01,   0.000000000000000E+00
  -2.758105000000000E+01,   0.000000000000000E+00
  -2.762500000000000E+01,   0.000000000000000E+00
  -2.771191000000000E+01,   0.000000000000000E+00
  -2.784765000000000E+01,   0.000000000000000E+00
  -2.788964000000000E+01,   0.000000000000000E+00
  -2.796875000000000E+01,   0.000000000000000E+00
  -2.796484000000000E+01,   0.000000000000000E+00
  -2.792675000000000E+01,   0.000000000000000E+00
  -2.796777000000000E+01,   0.000000000000000E+00
  -2.792285000000000E+01,   0.000000000000000E+00
  -2.787207000000000E+01,   0.000000000000000E+00
  -2.776074000000000E+01,   0.000000000000000E+00
  -2.775000000000000E+01,   0.000000000000000E+00
  -2.777246000000000E+01,   0.000000000000000E+00
  -2.785156000000000E+01,   0.000000000000000E+00
  -2.802148000000000E+01,   0.000000000000000E+00
  -2.825976000000000E+01,   0.000000000000000E+00
  -2.851562000000000E+01,   0.000000000000000E+00
  -2.877343000000000E+01,   0.000000000000000E+00
  -2.904785000000000E+01,   0.000000000000000E+00
  -2.924902000000000E+01,   0.000000000000000E+00
  -2.941113000000000E+01,   0.000000000000000E+00
  -2.957421000000000E+01,   0.000000000000000E+00
  -2.963281000000000E+01,   0.000000000000000E+00
  -2.968066000000000E+01,   0.000000000000000E+00
  -2.960546000000000E+01,   0.000000000000000E+00
  -2.950976000000000E+01,   0.000000000000000E+00
  -2.937109000000000E+01,   0.000000000000000E+00
  -2.927343000000000E+01,   0.000000000000000E+00
  -2.918457000000000E+01,   0.000000000000000E+00
  -2.909472000000000E+01,   0.000000000000000E+00
  -2.890625000000000E+01,   0.000000000000000E+00
  -2.867285000000000E+01,   0.000000000000000E+00
  -2.845410000000000E+01,   0.000000000000000E+00
  -2.836328000000000E+01,   0.000000000000000E+00
  -2.825195000000000E+01,   0.000000000000000E+00
  -2.821191000000000E+01,   0.000000000000000E+00
  -2.827929000000000E+01,   0.000000000000000E+00
  -2.829394000000000E+01,   0.000000000000000E+00
  -2.832129000000000E+01,   0.000000000000000E+00
  -2.831836000000000E+01,   0.000000000000000E+00
  -2.829394000000000E+01,   0.000000000000000E+00
  -2.831836000000000E+01,   0.000000000000000E+00
  -2.830761000000000E+01,   0.000000000000000E+00
  -2.836230000000000E+01,   0.000000000000000E+00
  -2.838574000000000E+01,   0.000000000000000E+00
  -2.848926000000000E+01,   0.000000000000000E+00
  -2.855468000000000E+01,   0.000000000000000E+00
  -2.867675000000000E+01,   0.000000000000000E+00
  -2.871582000000000E+01,   0.000000000000000E+00
  -2.878906000000000E+01,   0.000000000000000E+00
  -2.884375000000000E+01,   0.000000000000000E+00
  -2.891113000000000E+01,   0.000000000000000E+00
  -2.892968000000000E+01,   0.000000000000000E+00
  -2.898242000000000E+01,   0.000000000000000E+00
  -2.910156000000000E+01,   0.000000000000000E+00
  -2.920605000000000E+01,   0.000000000000000E+00
  -2.935937000000000E+01,   0.000000000000000E+00
  -2.953125000000000E+01,   0.000000000000000E+00
  -2.968554000000000E+01,   0.000000000000000E+00
  -2.984863000000000E+01,   0.000000000000000E+00
  -3.002343000000000E+01,   0.000000000000000E+00
  -3.022558000000000E+01,   0.000000000000000E+00
  -3.042773000000000E+01,   0.000000000000000E+00
  -3.061328000000000E+01,   0.000000000000000E+00
  -3.076953000000000E+01,   0.000000000000000E+00
  -3.087890000000000E+01,   0.000000000000000E+00
  -3.095312000000000E+01,   0.000000000000000E+00
  -3.086230000000000E+01,   0.000000000000000E+00
  -3.081250000000000E+01,   0.000000000000000E+00
  -3.067871000000000E+01,   0.000000000000000E+00
  -3.050292000000000E+01,   0.000000000000000E+00
  -3.037597000000000E+01,   0.000000000000000E+00
  -3.028906000000000E+01,   0.000000000000000E+00
  -3.023144000000000E+01,   0.000000000000000E+00
  -3.020215000000000E+01,   0.000000000000000E+00
  -3.019238000000000E+01,   0.000000000000000E+00
  -3.018750000000000E+01,   0.000000000000000E+00
  -3.022265000000000E+01,   0.000000000000000E+00
  -3.028710000000000E+01,   0.000000000000000E+00
  -3.032128000000000E+01,   0.000000000000000E+00
  -3.038769000000000E+01,   0.000000000000000E+00
  -3.042871000000000E+01,   0.000000000000000E+00
  -3.060254000000000E+01,   0.000000000000000E+00
  -3.064062000000000E+01,   0.000000000000000E+00
  -3.073437000000000E+01,   0.000000000000000E+00
  -3.093457000000000E+01,   0.000000000000000E+00
  -3.104980000000000E+01,   0.000000000000000E+00
  -3.120410000000000E+01,   0.000000000000000E+00
  -3.154004000000000E+01,   0.000000000000000E+00
  -3.163183000000000E+01,   0.000000000000000E+00
  -3.183398000000000E+01,   0.000000000000000E+00
  -3.207812000000000E+01,   0.000000000000000E+00
  -3.232226000000000E+01,   0.000000000000000E+00
  -3.250195000000000E+01,   0.000000000000000E+00
  -3.266406000000000E+01,   0.000000000000000E+00
  -3.293749000000000E+01,   0.000000000000000E+00
  -3.307421000000000E+01,   0.000000000000000E+00
  -3.323828000000000E+01,   0.000000000000000E+00
  -3.332812000000000E+01,   0.000000000000000E+00
  -3.349023000000000E+01,   0.000000000000000E+00
  -3.355273000000000E+01,   0.000000000000000E+00
  -3.366992000000000E+01,   0.000000000000000E+00
  -3.388476000000000E+01,   0.000000000000000E+00
  -3.408398000000000E+01,   0.000000000000000E+00
  -3.434374000000000E+01,   0.000000000000000E+00
  -3.453515000000000E+01,   0.000000000000000E+00
  -3.475195000000000E+01,   0.000000000000000E+00
  -3.495312000000000E+01,   0.000000000000000E+00
  -3.505468000000000E+01,   0.000000000000000E+00
  -3.516406000000000E+01,   0.000000000000000E+00
  -3.533593000000000E+01,   0.000000000000000E+00
  -3.545117000000000E+01,   0.000000000000000E+00
  -3.555273000000000E+01,   0.000000000000000E+00
  -3.583007000000000E+01,   0.000000000000000E+00
  -3.612304000000000E+01,   0.000000000000000E+00
  -3.662695000000000E+01,   0.000000000000000E+00
øQæÿÄ…$„
