   7.484108000000000E-05,   0.000000000000000E+00
   7.301941000000000E-05,   0.000000000000000E+00
   6.933882000000000E-05,   0.000000000000000E+00
   6.503984000000000E-05,   0.000000000000000E+00
   6.093830000000000E-05,   0.000000000000000E+00
   5.850382000000000E-05,   0.000000000000000E+00
   5.782768000000000E-05,   0.000000000000000E+00
   5.987659000000000E-05,   0.000000000000000E+00
   6.501749000000000E-05,   0.000000000000000E+00
   7.124245000000000E-05,   0.000000000000000E+00
   7.866323000000000E-05,   0.000000000000000E+00
   8.484348000000000E-05,   0.000000000000000E+00
   8.929521000000000E-05,   0.000000000000000E+00
   9.040161000000000E-05,   0.000000000000000E+00
   8.919090000000000E-05,   0.000000000000000E+00
   8.570403000000000E-05,   0.000000000000000E+00
   8.111447000000000E-05,   0.000000000000000E+00
   7.705762000000000E-05,   0.000000000000000E+00
   7.382780000000000E-05,   0.000000000000000E+00
   7.312000000000000E-05,   0.000000000000000E+00
   7.396191000000000E-05,   0.000000000000000E+00
   7.804110000000000E-05,   0.000000000000000E+00
   8.364394000000000E-05,   0.000000000000000E+00
   9.045377000000000E-05,   0.000000000000000E+00
   9.650737000000000E-05,   0.000000000000000E+00
   1.011677000000000E-04,   0.000000000000000E+00
   1.034848000000000E-04,   0.000000000000000E+00
   1.029782000000000E-04,   0.000000000000000E+00
   1.009554000000000E-04,   0.000000000000000E+00
   9.829551000000000E-05,   0.000000000000000E+00
   9.585172000000000E-05,   0.000000000000000E+00
   9.374692000000000E-05,   0.000000000000000E+00
   9.191036000000000E-05,   0.000000000000000E+00
   9.116530000000000E-05,   0.000000000000000E+00
   9.194016000000000E-05,   0.000000000000000E+00
   9.386241000000000E-05,   0.000000000000000E+00
   9.840354000000000E-05,   0.000000000000000E+00
   1.034513000000000E-04,   0.000000000000000E+00
   1.083277000000000E-04,   0.000000000000000E+00
   1.118667000000000E-04,   0.000000000000000E+00
   1.139119000000000E-04,   0.000000000000000E+00
   1.151785000000000E-04,   0.000000000000000E+00
   1.164898000000000E-04,   0.000000000000000E+00
   1.181401000000000E-04,   0.000000000000000E+00
   1.193918000000000E-04,   0.000000000000000E+00
   1.201369000000000E-04,   0.000000000000000E+00
   1.207292000000000E-04,   0.000000000000000E+00
   1.217201000000000E-04,   0.000000000000000E+00
   1.247451000000000E-04,   0.000000000000000E+00
   1.306608000000000E-04,   0.000000000000000E+00
   1.385733000000000E-04,   0.000000000000000E+00
   1.471490000000000E-04,   0.000000000000000E+00
   1.555234000000000E-04,   0.000000000000000E+00
   1.629889000000000E-04,   0.000000000000000E+00
   1.701489000000000E-04,   0.000000000000000E+00
   1.769140000000000E-04,   0.000000000000000E+00
   1.824275000000000E-04,   0.000000000000000E+00
   1.859963000000000E-04,   0.000000000000000E+00
   1.857355000000000E-04,   0.000000000000000E+00
   1.822114000000000E-04,   0.000000000000000E+00
   1.766086000000000E-04,   0.000000000000000E+00
   1.718476000000000E-04,   0.000000000000000E+00
   1.698732000000000E-04,   0.000000000000000E+00
   1.723245000000000E-04,   0.000000000000000E+00
   1.787096000000000E-04,   0.000000000000000E+00
   1.889095000000000E-04,   0.000000000000000E+00
   2.025366000000000E-04,   0.000000000000000E+00
   2.171472000000000E-04,   0.000000000000000E+00
   2.302676000000000E-04,   0.000000000000000E+00
   2.375916000000000E-04,   0.000000000000000E+00
   2.353638000000000E-04,   0.000000000000000E+00
   2.225041000000000E-04,   0.000000000000000E+00
   2.005398000000000E-04,   0.000000000000000E+00
   1.758188000000000E-04,   0.000000000000000E+00
   1.566932000000000E-04,   0.000000000000000E+00
   1.499578000000000E-04,   0.000000000000000E+00
   1.618788000000000E-04,   0.000000000000000E+00
   1.923442000000000E-04,   0.000000000000000E+00
   2.340525000000000E-04,   0.000000000000000E+00
   2.705902000000000E-04,   0.000000000000000E+00
   2.929121000000000E-04,   0.000000000000000E+00
   3.603250000000000E-04,   0.000000000000000E+00
   6.405115000000000E-04,   0.000000000000000E+00
   1.237094000000000E-03,   0.000000000000000E+00
   2.195597000000000E-03,   0.000000000000000E+00
   3.561020000000000E-03,   0.000000000000000E+00
   5.365372000000000E-03,   0.000000000000000E+00
   7.615805000000000E-03,   0.000000000000000E+00
   1.028347000000000E-02,   0.000000000000000E+00
   1.330471000000000E-02,   0.000000000000000E+00
   1.658154000000000E-02,   0.000000000000000E+00
   1.998234000000000E-02,   0.000000000000000E+00
   2.335930000000000E-02,   0.000000000000000E+00
   2.655506000000000E-02,   0.000000000000000E+00
   2.940845000000000E-02,   0.000000000000000E+00
   3.178024000000000E-02,   0.000000000000000E+00
   3.355217000000000E-02,   0.000000000000000E+00
   3.463554000000000E-02,   0.000000000000000E+00
   3.498840000000000E-02,   0.000000000000000E+00
   3.458977000000000E-02,   0.000000000000000E+00
   3.347206000000000E-02,   0.000000000000000E+00
   3.169632000000000E-02,   0.000000000000000E+00
   2.934551000000000E-02,   0.000000000000000E+00
   2.653980000000000E-02,   0.000000000000000E+00
   2.341366000000000E-02,   0.000000000000000E+00
   2.012444000000000E-02,   0.000000000000000E+00
   1.683712000000000E-02,   0.000000000000000E+00
   1.373529000000000E-02,   0.000000000000000E+00
   1.100302000000000E-02,   0.000000000000000E+00
   8.829117000000000E-03,   0.000000000000000E+00
   7.361650000000000E-03,   0.000000000000000E+00
   6.606579000000000E-03,   0.000000000000000E+00
   6.365061000000000E-03,   0.000000000000000E+00
   6.345987000000000E-03,   0.000000000000000E+00
   6.327391000000000E-03,   0.000000000000000E+00
   6.209373000000000E-03,   0.000000000000000E+00
   5.982399000000000E-03,   0.000000000000000E+00
   5.685091000000000E-03,   0.000000000000000E+00
   5.376339000000000E-03,   0.000000000000000E+00
   5.114079000000000E-03,   0.000000000000000E+00
   4.937887000000000E-03,   0.000000000000000E+00
   4.862309000000000E-03,   0.000000000000000E+00
   4.871845000000000E-03,   0.000000000000000E+00
   4.933119000000000E-03,   0.000000000000000E+00
   4.999638000000000E-03,   0.000000000000000E+00
   5.025625000000000E-03,   0.000000000000000E+00
   4.969835000000000E-03,   0.000000000000000E+00
   4.803181000000000E-03,   0.000000000000000E+00
   4.507542000000000E-03,   0.000000000000000E+00
   4.080772000000000E-03,   0.000000000000000E+00
   3.533840000000000E-03,   0.000000000000000E+00
   2.888918000000000E-03,   0.000000000000000E+00
   2.176404000000000E-03,   0.000000000000000E+00
   1.433253000000000E-03,   0.000000000000000E+00
   6.964207000000000E-04,   0.000000000000000E+00
   1.096986000000000E-04,   0.000000000000000E+00
   6.615818000000000E-04,   0.000000000000000E+00
   1.204967000000000E-03,   0.000000000000000E+00
   1.646936000000000E-03,   0.000000000000000E+00
   1.975536000000000E-03,   0.000000000000000E+00
   2.188325000000000E-03,   0.000000000000000E+00
   2.287507000000000E-03,   0.000000000000000E+00
   2.282977000000000E-03,   0.000000000000000E+00
   2.185941000000000E-03,   0.000000000000000E+00
   2.013564000000000E-03,   0.000000000000000E+00
   1.782179000000000E-03,   0.000000000000000E+00
   1.510322000000000E-03,   0.000000000000000E+00
   1.215518000000000E-03,   0.000000000000000E+00
   9.137690000000000E-04,   0.000000000000000E+00
   6.218851000000000E-04,   0.000000000000000E+00
   3.626198000000000E-04,   0.000000000000000E+00
   2.078414000000000E-04,   0.000000000000000E+00
   2.807230000000000E-04,   0.000000000000000E+00
   4.334897000000000E-04,   0.000000000000000E+00
   5.671382000000000E-04,   0.000000000000000E+00
   6.647706000000000E-04,   0.000000000000000E+00
   7.269084000000000E-04,   0.000000000000000E+00
   7.612705000000000E-04,   0.000000000000000E+00
   7.815659000000000E-04,   0.000000000000000E+00
   8.016825000000000E-04,   0.000000000000000E+00
   8.322001000000000E-04,   0.000000000000000E+00
   8.746088000000000E-04,   0.000000000000000E+00
   9.221733000000000E-04,   0.000000000000000E+00
   9.635687000000000E-04,   0.000000000000000E+00
   9.886026000000000E-04,   0.000000000000000E+00
   9.914041000000000E-04,   0.000000000000000E+00
   9.723306000000000E-04,   0.000000000000000E+00
   9.374321000000000E-04,   0.000000000000000E+00
   8.985102000000000E-04,   0.000000000000000E+00
   8.687675000000000E-04,   0.000000000000000E+00
   8.579195000000000E-04,   0.000000000000000E+00
   8.688867000000000E-04,   0.000000000000000E+00
   8.959174000000000E-04,   0.000000000000000E+00
   9.284616000000000E-04,   0.000000000000000E+00
   9.574592000000000E-04,   0.000000000000000E+00
   9.759963000000000E-04,   0.000000000000000E+00
   9.822249000000000E-04,   0.000000000000000E+00
   9.778738000000000E-04,   0.000000000000000E+00
   9.666085000000000E-04,   0.000000000000000E+00
   9.521842000000000E-04,   0.000000000000000E+00
   9.375811000000000E-04,   0.000000000000000E+00
   9.232759000000000E-04,   0.000000000000000E+00
   9.083152000000000E-04,   0.000000000000000E+00
   8.903444000000000E-04,   0.000000000000000E+00
   8.677542000000000E-04,   0.000000000000000E+00
   8.391440000000000E-04,   0.000000000000000E+00
   8.046627000000000E-04,   0.000000000000000E+00
   7.654428000000000E-04,   0.000000000000000E+00
   7.230341000000000E-04,   0.000000000000000E+00
   6.789565000000000E-04,   0.000000000000000E+00
   6.337762000000000E-04,   0.000000000000000E+00
   5.879998000000000E-04,   0.000000000000000E+00
   5.416274000000000E-04,   0.000000000000000E+00
   4.940331000000000E-04,   0.000000000000000E+00
   4.462749000000000E-04,   0.000000000000000E+00
   3.991872000000000E-04,   0.000000000000000E+00
   3.557652000000000E-04,   0.000000000000000E+00
   3.178418000000000E-04,   0.000000000000000E+00
   2.898276000000000E-04,   0.000000000000000E+00
   2.729446000000000E-04,   0.000000000000000E+00
   2.691001000000000E-04,   0.000000000000000E+00
   2.758503000000000E-04,   0.000000000000000E+00
   2.884418000000000E-04,   0.000000000000000E+00
   3.002286000000000E-04,   0.000000000000000E+00
   3.037453000000000E-04,   0.000000000000000E+00
   2.941936000000000E-04,   0.000000000000000E+00
   2.668947000000000E-04,   0.000000000000000E+00
   2.203286000000000E-04,   0.000000000000000E+00
   1.569912000000000E-04,   0.000000000000000E+00
   9.194016000000000E-05,   0.000000000000000E+00
   9.669735000000000E-05,   0.000000000000000E+00
   1.846850000000000E-04,   0.000000000000000E+00
   2.908409000000000E-04,   0.000000000000000E+00
   3.963560000000000E-04,   0.000000000000000E+00
   4.928708000000000E-04,   0.000000000000000E+00
   5.753636000000000E-04,   0.000000000000000E+00
   6.403327000000000E-04,   0.000000000000000E+00
   6.870925000000000E-04,   0.000000000000000E+00
   7.154047000000000E-04,   0.000000000000000E+00
   7.267296000000000E-04,   0.000000000000000E+00
   7.227361000000000E-04,   0.000000000000000E+00
   7.048845000000000E-04,   0.000000000000000E+00
   6.750822000000000E-04,   0.000000000000000E+00
   6.348789000000000E-04,   0.000000000000000E+00
   5.853474000000000E-04,   0.000000000000000E+00
   5.300939000000000E-04,   0.000000000000000E+00
   4.717857000000000E-04,   0.000000000000000E+00
   4.138947000000000E-04,   0.000000000000000E+00
   3.609210000000000E-04,   0.000000000000000E+00
   3.183037000000000E-04,   0.000000000000000E+00
   2.884567000000000E-04,   0.000000000000000E+00
   2.722293000000000E-04,   0.000000000000000E+00
   2.672225000000000E-04,   0.000000000000000E+00
   2.690852000000000E-04,   0.000000000000000E+00
   2.748817000000000E-04,   0.000000000000000E+00
   2.840757000000000E-04,   0.000000000000000E+00
   2.985895000000000E-04,   0.000000000000000E+00
   3.192425000000000E-04,   0.000000000000000E+00
   3.476292000000000E-04,   0.000000000000000E+00
   3.832579000000000E-04,   0.000000000000000E+00
   4.249513000000000E-04,   0.000000000000000E+00
   4.698932000000000E-04,   0.000000000000000E+00
   5.157888000000000E-04,   0.000000000000000E+00
   5.598068000000000E-04,   0.000000000000000E+00
   5.995035000000000E-04,   0.000000000000000E+00
   6.317794000000000E-04,   0.000000000000000E+00
   6.547272000000000E-04,   0.000000000000000E+00
   6.664991000000000E-04,   0.000000000000000E+00
   6.656647000000000E-04,   0.000000000000000E+00
   6.513596000000000E-04,   0.000000000000000E+00
   6.236136000000000E-04,   0.000000000000000E+00
   5.834103000000000E-04,   0.000000000000000E+00
   5.321205000000000E-04,   0.000000000000000E+00
   4.717857000000000E-04,   0.000000000000000E+00
   4.051328000000000E-04,   0.000000000000000E+00
   3.355294000000000E-04,   0.000000000000000E+00
   2.664775000000000E-04,   0.000000000000000E+00
   2.027452000000000E-04,   0.000000000000000E+00
   1.473501000000000E-04,   0.000000000000000E+00
   1.034029000000000E-04,   0.000000000000000E+00
   7.273629000000000E-05,   0.000000000000000E+00
   5.184486000000000E-05,   0.000000000000000E+00
   3.554113000000000E-05,   0.000000000000000E+00
   1.691189000000000E-05,   0.000000000000000E+00
   1.039961000000000E-05,   0.000000000000000E+00
   3.818609000000000E-05,   0.000000000000000E+00
   6.991625000000000E-05,   0.000000000000000E+00
   1.022145000000000E-04,   0.000000000000000E+00
   1.319721000000000E-04,   0.000000000000000E+00
   1.570061000000000E-04,   0.000000000000000E+00
   1.756027000000000E-04,   0.000000000000000E+00
   1.865029000000000E-04,   0.000000000000000E+00
   1.901016000000000E-04,   0.000000000000000E+00
   1.865476000000000E-04,   0.000000000000000E+00
   1.777261000000000E-04,   0.000000000000000E+00
   1.649335000000000E-04,   0.000000000000000E+00
   1.510829000000000E-04,   0.000000000000000E+00
   1.386926000000000E-04,   0.000000000000000E+00
   1.305416000000000E-04,   0.000000000000000E+00
   1.289174000000000E-04,   0.000000000000000E+00
   1.343191000000000E-04,   0.000000000000000E+00
   1.464114000000000E-04,   0.000000000000000E+00
   1.646206000000000E-04,   0.000000000000000E+00
   1.876056000000000E-04,   0.000000000000000E+00
   2.134666000000000E-04,   0.000000000000000E+00
   2.411157000000000E-04,   0.000000000000000E+00
   2.674013000000000E-04,   0.000000000000000E+00
   2.909452000000000E-04,   0.000000000000000E+00
   3.086478000000000E-04,   0.000000000000000E+00
   3.194660000000000E-04,   0.000000000000000E+00
   3.220141000000000E-04,   0.000000000000000E+00
   3.152341000000000E-04,   0.000000000000000E+00
   3.004819000000000E-04,   0.000000000000000E+00
   2.779514000000000E-04,   0.000000000000000E+00
   2.504289000000000E-04,   0.000000000000000E+00
   2.208054000000000E-04,   0.000000000000000E+00
   1.920015000000000E-04,   0.000000000000000E+00
   1.681596000000000E-04,   0.000000000000000E+00
   1.519471000000000E-04,   0.000000000000000E+00
   1.452714000000000E-04,   0.000000000000000E+00
   1.463965000000000E-04,   0.000000000000000E+00
   1.519620000000000E-04,   0.000000000000000E+00
   1.592115000000000E-04,   0.000000000000000E+00
   1.667142000000000E-04,   0.000000000000000E+00
   1.731366000000000E-04,   0.000000000000000E+00
   1.787990000000000E-04,   0.000000000000000E+00
   1.835227000000000E-04,   0.000000000000000E+00
   1.868531000000000E-04,   0.000000000000000E+00
   1.889244000000000E-04,   0.000000000000000E+00
   1.893714000000000E-04,   0.000000000000000E+00
   1.879558000000000E-04,   0.000000000000000E+00
   1.847073000000000E-04,   0.000000000000000E+00
   1.795366000000000E-04,   0.000000000000000E+00
   1.738071000000000E-04,   0.000000000000000E+00
   1.687631000000000E-04,   0.000000000000000E+00
   1.653060000000000E-04,   0.000000000000000E+00
   1.653880000000000E-04,   0.000000000000000E+00
   1.681149000000000E-04,   0.000000000000000E+00
   1.731366000000000E-04,   0.000000000000000E+00
   1.777634000000000E-04,   0.000000000000000E+00
   1.810193000000000E-04,   0.000000000000000E+00
   1.806766000000000E-04,   0.000000000000000E+00
   1.763105000000000E-04,   0.000000000000000E+00
   1.681969000000000E-04,   0.000000000000000E+00
   1.560375000000000E-04,   0.000000000000000E+00
   1.414865000000000E-04,   0.000000000000000E+00
   1.249835000000000E-04,   0.000000000000000E+00
   1.076236000000000E-04,   0.000000000000000E+00
   9.037926000000000E-05,   0.000000000000000E+00
   7.358938000000000E-05,   0.000000000000000E+00
   5.671568000000000E-05,   0.000000000000000E+00
   3.857724000000000E-05,   0.000000000000000E+00
   2.089981000000000E-05,   0.000000000000000E+00
   1.327880000000000E-05,   0.000000000000000E+00
   3.087148000000000E-05,   0.000000000000000E+00
   5.307235000000000E-05,   0.000000000000000E+00
   7.487088000000000E-05,   0.000000000000000E+00
   9.398162000000000E-05,   0.000000000000000E+00
   1.087002000000000E-04,   0.000000000000000E+00
   1.169070000000000E-04,   0.000000000000000E+00
   1.189560000000000E-04,   0.000000000000000E+00
   1.136474000000000E-04,   0.000000000000000E+00
   1.025200000000000E-04,   0.000000000000000E+00
   8.703023000000000E-05,   0.000000000000000E+00
   6.894767000000000E-05,   0.000000000000000E+00
   5.429610000000000E-05,   0.000000000000000E+00
   4.787929000000000E-05,   0.000000000000000E+00
   5.279481000000000E-05,   0.000000000000000E+00
   6.548687000000000E-05,   0.000000000000000E+00
   7.812306000000000E-05,   0.000000000000000E+00
   8.881837000000000E-05,   0.000000000000000E+00
   9.709969000000000E-05,   0.000000000000000E+00
   9.953603000000000E-05,   0.000000000000000E+00
   1.001917000000000E-04,   0.000000000000000E+00
   9.810925000000000E-05,   0.000000000000000E+00
   9.464473000000000E-05,   0.000000000000000E+00
   8.741393000000000E-05,   0.000000000000000E+00
   7.972493000000000E-05,   0.000000000000000E+00
   6.906315000000000E-05,   0.000000000000000E+00
   5.643442000000000E-05,   0.000000000000000E+00
   4.117749000000000E-05,   0.000000000000000E+00
   2.467353000000000E-05,   0.000000000000000E+00
   8.942093000000000E-06,   0.000000000000000E+00
   1.392606000000000E-05,   0.000000000000000E+00
   2.945960000000000E-05,   0.000000000000000E+00
   4.343129000000000E-05,   0.000000000000000E+00
   5.486794000000000E-05,   0.000000000000000E+00
   6.289035000000000E-05,   0.000000000000000E+00
   6.869807000000000E-05,   0.000000000000000E+00
   7.470324000000000E-05,   0.000000000000000E+00
   8.148327000000000E-05,   0.000000000000000E+00
   9.103491000000000E-05,   0.000000000000000E+00
   1.022443000000000E-04,   0.000000000000000E+00
   1.142733000000000E-04,   0.000000000000000E+00
   1.252517000000000E-04,   0.000000000000000E+00
   1.335368000000000E-04,   0.000000000000000E+00
   1.384616000000000E-04,   0.000000000000000E+00
   1.404956000000000E-04,   0.000000000000000E+00
   1.391098000000000E-04,   0.000000000000000E+00
   1.355112000000000E-04,   0.000000000000000E+00
   1.305416000000000E-04,   0.000000000000000E+00
   1.254454000000000E-04,   0.000000000000000E+00
   1.200326000000000E-04,   0.000000000000000E+00
   1.164302000000000E-04,   0.000000000000000E+00
   1.143701000000000E-04,   0.000000000000000E+00
   1.138560000000000E-04,   0.000000000000000E+00
   1.148880000000000E-04,   0.000000000000000E+00
   1.174919000000000E-04,   0.000000000000000E+00
   1.212582000000000E-04,   0.000000000000000E+00
   1.259148000000000E-04,   0.000000000000000E+00
   1.304448000000000E-04,   0.000000000000000E+00
   1.357496000000000E-04,   0.000000000000000E+00
   1.403615000000000E-04,   0.000000000000000E+00
   1.434535000000000E-04,   0.000000000000000E+00
   1.449734000000000E-04,   0.000000000000000E+00
   1.435354000000000E-04,   0.000000000000000E+00
   1.397505000000000E-04,   0.000000000000000E+00
   1.326054000000000E-04,   0.000000000000000E+00
   1.222268000000000E-04,   0.000000000000000E+00
   1.094006000000000E-04,   0.000000000000000E+00
   9.345263000000000E-05,   0.000000000000000E+00

