   3.881054000000000E-06,   0.000000000000000E+00
   3.237510000000000E-06,   0.000000000000000E+00
   2.550543000000000E-06,   0.000000000000000E+00
   1.881562000000000E-06,   0.000000000000000E+00
   1.314853000000000E-06,   0.000000000000000E+00
   9.606591000000000E-07,   0.000000000000000E+00
   8.811475000000000E-07,   0.000000000000000E+00
   9.309733000000000E-07,   0.000000000000000E+00
   9.371141000000000E-07,   0.000000000000000E+00
   8.285569000000000E-07,   0.000000000000000E+00
   6.445043000000000E-07,   0.000000000000000E+00
   6.002955000000000E-07,   0.000000000000000E+00
   9.173527000000000E-07,   0.000000000000000E+00
   1.436390000000000E-06,   0.000000000000000E+00
   2.010609000000000E-06,   0.000000000000000E+00
   2.561835000000000E-06,   0.000000000000000E+00
   3.046356000000000E-06,   0.000000000000000E+00
   3.428897000000000E-06,   0.000000000000000E+00
   3.691646000000000E-06,   0.000000000000000E+00
   3.833556000000000E-06,   0.000000000000000E+00
   3.856606000000000E-06,   0.000000000000000E+00
   3.780471000000000E-06,   0.000000000000000E+00
   3.612484000000000E-06,   0.000000000000000E+00
   3.380002000000000E-06,   0.000000000000000E+00
   3.090710000000000E-06,   0.000000000000000E+00
   2.766261000000000E-06,   0.000000000000000E+00
   2.417946000000000E-06,   0.000000000000000E+00
   2.057408000000000E-06,   0.000000000000000E+00
   1.709326000000000E-06,   0.000000000000000E+00
   1.417531000000000E-06,   0.000000000000000E+00
   1.259614000000000E-06,   0.000000000000000E+00
   1.333770000000000E-06,   0.000000000000000E+00
   1.653680000000000E-06,   0.000000000000000E+00
   2.149958000000000E-06,   0.000000000000000E+00
   2.773013000000000E-06,   0.000000000000000E+00
   3.486289000000000E-06,   0.000000000000000E+00
   4.268018000000000E-06,   0.000000000000000E+00
   5.104113000000000E-06,   0.000000000000000E+00
   5.966052000000000E-06,   0.000000000000000E+00
   6.828223000000000E-06,   0.000000000000000E+00
   7.666647000000000E-06,   0.000000000000000E+00
   8.446164000000000E-06,   0.000000000000000E+00
   9.138602000000000E-06,   0.000000000000000E+00
   9.718816000000000E-06,   0.000000000000000E+00
   1.016399000000000E-05,   0.000000000000000E+00
   1.046248000000000E-05,   0.000000000000000E+00
   1.060497000000000E-05,   0.000000000000000E+00
   1.059100000000000E-05,   0.000000000000000E+00
   1.043360000000000E-05,   0.000000000000000E+00
   1.015188000000000E-05,   0.000000000000000E+00
   9.775627000000000E-06,   0.000000000000000E+00
   9.341165000000000E-06,   0.000000000000000E+00
   8.885748000000000E-06,   0.000000000000000E+00
   8.451287000000000E-06,   0.000000000000000E+00
   8.075032000000000E-06,   0.000000000000000E+00
   7.790978000000000E-06,   0.000000000000000E+00
   7.615889000000000E-06,   0.000000000000000E+00
   7.562572000000000E-06,   0.000000000000000E+00
   7.620547000000000E-06,   0.000000000000000E+00
   7.775612000000000E-06,   0.000000000000000E+00
   8.002855000000000E-06,   0.000000000000000E+00
   8.270144000000000E-06,   0.000000000000000E+00
   8.536502000000000E-06,   0.000000000000000E+00
   8.767936000000000E-06,   0.000000000000000E+00
   8.935574000000000E-06,   0.000000000000000E+00
   9.012408000000000E-06,   0.000000000000000E+00
   8.985400000000000E-06,   0.000000000000000E+00
   8.854549000000000E-06,   0.000000000000000E+00
   8.624512000000000E-06,   0.000000000000000E+00
   8.318573000000000E-06,   0.000000000000000E+00
   7.953495000000000E-06,   0.000000000000000E+00
   7.559545000000000E-06,   0.000000000000000E+00
   7.164431000000000E-06,   0.000000000000000E+00
   6.790040000000000E-06,   0.000000000000000E+00
   6.469198000000000E-06,   0.000000000000000E+00
   6.220536000000000E-06,   0.000000000000000E+00
   6.062443000000000E-06,   0.000000000000000E+00
   5.993526000000000E-06,   0.000000000000000E+00
   5.995622000000000E-06,   0.000000000000000E+00
   6.038462000000000E-06,   0.000000000000000E+00
   6.083399000000000E-06,   0.000000000000000E+00
   6.083165000000000E-06,   0.000000000000000E+00
   6.006331000000000E-06,   0.000000000000000E+00
   5.821232000000000E-06,   0.000000000000000E+00
   5.526468000000000E-06,   0.000000000000000E+00
   5.116686000000000E-06,   0.000000000000000E+00
   4.607951000000000E-06,   0.000000000000000E+00
   4.024943000000000E-06,   0.000000000000000E+00
   3.403634000000000E-06,   0.000000000000000E+00
   2.776039000000000E-06,   0.000000000000000E+00
   2.204324000000000E-06,   0.000000000000000E+00
   1.777837000000000E-06,   0.000000000000000E+00
   1.631270000000000E-06,   0.000000000000000E+00
   1.823122000000000E-06,   0.000000000000000E+00
   2.268469000000000E-06,   0.000000000000000E+00
   2.845423000000000E-06,   0.000000000000000E+00
   3.493158000000000E-06,   0.000000000000000E+00
   4.183501000000000E-06,   0.000000000000000E+00
   4.908302000000000E-06,   0.000000000000000E+00
   5.657784000000000E-06,   0.000000000000000E+00
   6.420071000000000E-06,   0.000000000000000E+00
   7.177702000000000E-06,   0.000000000000000E+00
   7.905531000000000E-06,   0.000000000000000E+00
   8.563510000000000E-06,   0.000000000000000E+00
   9.116250000000000E-06,   0.000000000000000E+00
   9.515322000000000E-06,   0.000000000000000E+00
   9.724870000000000E-06,   0.000000000000000E+00
   9.716953000000000E-06,   0.000000000000000E+00
   9.485054000000000E-06,   0.000000000000000E+00
   9.046401000000000E-06,   0.000000000000000E+00
   8.438714000000000E-06,   0.000000000000000E+00
   7.731373000000000E-06,   0.000000000000000E+00
   7.011229000000000E-06,   0.000000000000000E+00
   6.394460000000000E-06,   0.000000000000000E+00
   6.005865000000000E-06,   0.000000000000000E+00
   5.993992000000000E-06,   0.000000000000000E+00
   6.482005000000000E-06,   0.000000000000000E+00
   7.528812000000000E-06,   0.000000000000000E+00
   9.104609000000000E-06,   0.000000000000000E+00
   1.115072000000000E-05,   0.000000000000000E+00
   1.358334000000000E-05,   0.000000000000000E+00
   1.631770000000000E-05,   0.000000000000000E+00
   1.926720000000000E-05,   0.000000000000000E+00
   2.233684000000000E-05,   0.000000000000000E+00
   2.543814000000000E-05,   0.000000000000000E+00
   2.846028000000000E-05,   0.000000000000000E+00
   3.130734000000000E-05,   0.000000000000000E+00
   3.387779000000000E-05,   0.000000000000000E+00
   3.607571000000000E-05,   0.000000000000000E+00
   3.782473000000000E-05,   0.000000000000000E+00
   3.908202000000000E-05,   0.000000000000000E+00
   3.985502000000000E-05,   0.000000000000000E+00
   4.018471000000000E-05,   0.000000000000000E+00
   4.016235000000000E-05,   0.000000000000000E+00
   3.988296000000000E-05,   0.000000000000000E+00
   3.943220000000000E-05,   0.000000000000000E+00
   3.884360000000000E-05,   0.000000000000000E+00
   3.807992000000000E-05,   0.000000000000000E+00
   3.704801000000000E-05,   0.000000000000000E+00
   3.562495000000000E-05,   0.000000000000000E+00
   3.368593000000000E-05,   0.000000000000000E+00
   3.115460000000000E-05,   0.000000000000000E+00
   2.805237000000000E-05,   0.000000000000000E+00
   2.454687000000000E-05,   0.000000000000000E+00
   2.104789000000000E-05,   0.000000000000000E+00
   1.831818000000000E-05,   0.000000000000000E+00
   1.741852000000000E-05,   0.000000000000000E+00
   1.894589000000000E-05,   0.000000000000000E+00
   2.231356000000000E-05,   0.000000000000000E+00
   2.641044000000000E-05,   0.000000000000000E+00
   3.029312000000000E-05,   0.000000000000000E+00
   3.328919000000000E-05,   0.000000000000000E+00
   3.492273000000000E-05,   0.000000000000000E+00
   3.485754000000000E-05,   0.000000000000000E+00
   3.291852000000000E-05,   0.000000000000000E+00
   2.906192000000000E-05,   0.000000000000000E+00
   2.339855000000000E-05,   0.000000000000000E+00
   1.616403000000000E-05,   0.000000000000000E+00
   7.713213000000000E-06,   0.000000000000000E+00
   1.744425000000000E-06,   0.000000000000000E+00
   1.118146000000000E-05,   0.000000000000000E+00
   2.057943000000000E-05,   0.000000000000000E+00
   2.937670000000000E-05,   0.000000000000000E+00
   3.720261000000000E-05,   0.000000000000000E+00
   4.378147000000000E-05,   0.000000000000000E+00
   4.896149000000000E-05,   0.000000000000000E+00
   5.269051000000000E-05,   0.000000000000000E+00
   5.501322000000000E-05,   0.000000000000000E+00
   5.602649000000000E-05,   0.000000000000000E+00
   5.587003000000000E-05,   0.000000000000000E+00
   5.470588000000000E-05,   0.000000000000000E+00
   5.270541000000000E-05,   0.000000000000000E+00
   5.008280000000000E-05,   0.000000000000000E+00
   4.711561000000000E-05,   0.000000000000000E+00
   4.415773000000000E-05,   0.000000000000000E+00
   4.160963000000000E-05,   0.000000000000000E+00
   3.985129000000000E-05,   0.000000000000000E+00
   3.909320000000000E-05,   0.000000000000000E+00
   3.931112000000000E-05,   0.000000000000000E+00
   4.026666000000000E-05,   0.000000000000000E+00
   4.167668000000000E-05,   0.000000000000000E+00
   4.339404000000000E-05,   0.000000000000000E+00
   4.544854000000000E-05,   0.000000000000000E+00
   4.801340000000000E-05,   0.000000000000000E+00
   5.127302000000000E-05,   0.000000000000000E+00
   5.526096000000000E-05,   0.000000000000000E+00
   5.981326000000000E-05,   0.000000000000000E+00
   6.454438000000000E-05,   0.000000000000000E+00
   6.894394000000000E-05,   0.000000000000000E+00
   7.250160000000000E-05,   0.000000000000000E+00
   7.470697000000000E-05,   0.000000000000000E+00
   7.516891000000000E-05,   0.000000000000000E+00
   7.358938000000000E-05,   0.000000000000000E+00
   6.980821000000000E-05,   0.000000000000000E+00
   6.379932000000000E-05,   0.000000000000000E+00
   5.568377000000000E-05,   0.000000000000000E+00
   4.574470000000000E-05,   0.000000000000000E+00
   3.440492000000000E-05,   0.000000000000000E+00
   2.223998000000000E-05,   0.000000000000000E+00
   9.975861000000000E-06,   0.000000000000000E+00
   2.766494000000000E-06,   0.000000000000000E+00
   1.271302000000000E-05,   0.000000000000000E+00
   2.131890000000000E-05,   0.000000000000000E+00
   2.763048000000000E-05,   0.000000000000000E+00
   3.146939000000000E-05,   0.000000000000000E+00
   3.308616000000000E-05,   0.000000000000000E+00
   3.331341000000000E-05,   0.000000000000000E+00
   3.360025000000000E-05,   0.000000000000000E+00
   3.565848000000000E-05,   0.000000000000000E+00
   4.039146000000000E-05,   0.000000000000000E+00
   4.725903000000000E-05,   0.000000000000000E+00
   5.481578000000000E-05,   0.000000000000000E+00
   6.153061000000000E-05,   0.000000000000000E+00
   6.612017000000000E-05,   0.000000000000000E+00
   6.763264000000000E-05,   0.000000000000000E+00
   6.551667000000000E-05,   0.000000000000000E+00
   5.963631000000000E-05,   0.000000000000000E+00
   5.038269000000000E-05,   0.000000000000000E+00
   3.891624000000000E-05,   0.000000000000000E+00
   2.815574000000000E-05,   0.000000000000000E+00
   2.503768000000000E-05,   0.000000000000000E+00
   3.379769000000000E-05,   0.000000000000000E+00
   4.792213000000000E-05,   0.000000000000000E+00
   6.236136000000000E-05,   0.000000000000000E+00
   7.493794000000000E-05,   0.000000000000000E+00
   8.454174000000000E-05,   0.000000000000000E+00
   9.064376000000000E-05,   0.000000000000000E+00
   9.313226000000000E-05,   0.000000000000000E+00
   9.226054000000000E-05,   0.000000000000000E+00
   8.860602000000000E-05,   0.000000000000000E+00
   8.300692000000000E-05,   0.000000000000000E+00
   7.643923000000000E-05,   0.000000000000000E+00
   6.991625000000000E-05,   0.000000000000000E+00
   6.434321000000000E-05,   0.000000000000000E+00
   6.026402000000000E-05,   0.000000000000000E+00
   5.773827000000000E-05,   0.000000000000000E+00
   5.638412000000000E-05,   0.000000000000000E+00
   5.560554000000000E-05,   0.000000000000000E+00
   5.485489000000000E-05,   0.000000000000000E+00
   5.379877000000000E-05,   0.000000000000000E+00
   5.232356000000000E-05,   0.000000000000000E+00
   5.054101000000000E-05,   0.000000000000000E+00
   4.873797000000000E-05,   0.000000000000000E+00
   4.735216000000000E-05,   0.000000000000000E+00
   4.690513000000000E-05,   0.000000000000000E+00
   4.786626000000000E-05,   0.000000000000000E+00
   5.049816000000000E-05,   0.000000000000000E+00
   5.470216000000000E-05,   0.000000000000000E+00
   6.007961000000000E-05,   0.000000000000000E+00
   6.604195000000000E-05,   0.000000000000000E+00
   7.193162000000000E-05,   0.000000000000000E+00
   7.710978000000000E-05,   0.000000000000000E+00
   8.099898000000000E-05,   0.000000000000000E+00
   8.312240000000000E-05,   0.000000000000000E+00
   8.314103000000000E-05,   0.000000000000000E+00
   8.086115000000000E-05,   0.000000000000000E+00
   7.628276000000000E-05,   0.000000000000000E+00
   6.962940000000000E-05,   0.000000000000000E+00
   6.141886000000000E-05,   0.000000000000000E+00
   5.256757000000000E-05,   0.000000000000000E+00
   4.460476000000000E-05,   0.000000000000000E+00
   3.976002000000000E-05,   0.000000000000000E+00
   4.004687000000000E-05,   0.000000000000000E+00
   4.523247000000000E-05,   0.000000000000000E+00
   5.311146000000000E-05,   0.000000000000000E+00
   6.152316000000000E-05,   0.000000000000000E+00
   6.910785000000000E-05,   0.000000000000000E+00
   7.513165000000000E-05,   0.000000000000000E+00
   7.931515000000000E-05,   0.000000000000000E+00
   8.170307000000000E-05,   0.000000000000000E+00
   8.257478000000000E-05,   0.000000000000000E+00
   8.236244000000000E-05,   0.000000000000000E+00
   8.149445000000000E-05,   0.000000000000000E+00
   8.031353000000000E-05,   0.000000000000000E+00
   7.899477000000000E-05,   0.000000000000000E+00
   7.753446000000000E-05,   0.000000000000000E+00
   7.579476000000000E-05,   0.000000000000000E+00
   7.364526000000000E-05,   0.000000000000000E+00
   7.101520000000000E-05,   0.000000000000000E+00
   6.797910000000000E-05,   0.000000000000000E+00
   6.470084000000000E-05,   0.000000000000000E+00
   6.143749000000000E-05,   0.000000000000000E+00
   5.845726000000000E-05,   0.000000000000000E+00
   5.595199000000000E-05,   0.000000000000000E+00
   5.400181000000000E-05,   0.000000000000000E+00
   5.256757000000000E-05,   0.000000000000000E+00
   5.146488000000000E-05,   0.000000000000000E+00
   5.044601000000000E-05,   0.000000000000000E+00
   4.921854000000000E-05,   0.000000000000000E+00
   4.751608000000000E-05,   0.000000000000000E+00
   4.513748000000000E-05,   0.000000000000000E+00
   4.198775000000000E-05,   0.000000000000000E+00
   3.812648000000000E-05,   0.000000000000000E+00
   3.371946000000000E-05,   0.000000000000000E+00
   2.906937000000000E-05,   0.000000000000000E+00
   2.452265000000000E-05,   0.000000000000000E+00
   2.043322000000000E-05,   0.000000000000000E+00
   1.709815000000000E-05,   0.000000000000000E+00
   1.478754000000000E-05,   0.000000000000000E+00
   1.376867000000000E-05,   0.000000000000000E+00
   1.426227000000000E-05,   0.000000000000000E+00
   1.616776000000000E-05,   0.000000000000000E+00
   1.902785000000000E-05,   0.000000000000000E+00
   2.222974000000000E-05,   0.000000000000000E+00
   2.519041000000000E-05,   0.000000000000000E+00
   2.741720000000000E-05,   0.000000000000000E+00
   2.856739000000000E-05,   0.000000000000000E+00
   2.846308000000000E-05,   0.000000000000000E+00
   2.709869000000000E-05,   0.000000000000000E+00
   2.464000000000000E-05,   0.000000000000000E+00
   2.136827000000000E-05,   0.000000000000000E+00
   1.764949000000000E-05,   0.000000000000000E+00
   1.386972000000000E-05,   0.000000000000000E+00
   1.042569000000000E-05,   0.000000000000000E+00
   7.788650000000000E-06,   0.000000000000000E+00
   6.620306000000000E-06,   0.000000000000000E+00
   7.247552000000000E-06,   0.000000000000000E+00
   9.022187000000000E-06,   0.000000000000000E+00
   1.114700000000000E-05,   0.000000000000000E+00
   1.313537000000000E-05,   0.000000000000000E+00
   1.466833000000000E-05,   0.000000000000000E+00
   1.551676000000000E-05,   0.000000000000000E+00
   1.553632000000000E-05,   0.000000000000000E+00
   1.469580000000000E-05,   0.000000000000000E+00
   1.309765000000000E-05,   0.000000000000000E+00
   1.101196000000000E-05,   0.000000000000000E+00
   8.946284000000000E-06,   0.000000000000000E+00
   7.755588000000000E-06,   0.000000000000000E+00
   8.216593000000000E-06,   0.000000000000000E+00
   1.004199000000000E-05,   0.000000000000000E+00
   1.236424000000000E-05,   0.000000000000000E+00
   1.462083000000000E-05,   0.000000000000000E+00
   1.654960000000000E-05,   0.000000000000000E+00
   1.806580000000000E-05,   0.000000000000000E+00
   1.917314000000000E-05,   0.000000000000000E+00
   1.991913000000000E-05,   0.000000000000000E+00
   2.034009000000000E-05,   0.000000000000000E+00
   2.044812000000000E-05,   0.000000000000000E+00
   2.022274000000000E-05,   0.000000000000000E+00
   1.961552000000000E-05,   0.000000000000000E+00
   1.860317000000000E-05,   0.000000000000000E+00
   1.722202000000000E-05,   0.000000000000000E+00
   1.560245000000000E-05,   0.000000000000000E+00
   1.401035000000000E-05,   0.000000000000000E+00
   1.282897000000000E-05,   0.000000000000000E+00
   1.239730000000000E-05,   0.000000000000000E+00
   1.277588000000000E-05,   0.000000000000000E+00
   1.366669000000000E-05,   0.000000000000000E+00
   1.463806000000000E-05,   0.000000000000000E+00
   1.536961000000000E-05,   0.000000000000000E+00
   1.571514000000000E-05,   0.000000000000000E+00
   1.570210000000000E-05,   0.000000000000000E+00
   1.547951000000000E-05,   0.000000000000000E+00
   1.522480000000000E-05,   0.000000000000000E+00
   1.506694000000000E-05,   0.000000000000000E+00
   1.497893000000000E-05,   0.000000000000000E+00
   1.480617000000000E-05,   0.000000000000000E+00
   1.433585000000000E-05,   0.000000000000000E+00
   1.339521000000000E-05,   0.000000000000000E+00
   1.190742000000000E-05,   0.000000000000000E+00
   9.919051000000000E-06,   0.000000000000000E+00
   7.592607000000000E-06,   0.000000000000000E+00
   5.203764000000000E-06,   0.000000000000000E+00
   3.221910000000000E-06,   0.000000000000000E+00
   2.483837000000000E-06,   0.000000000000000E+00
   3.060442000000000E-06,   0.000000000000000E+00
   3.720866000000000E-06,   0.000000000000000E+00
   3.905967000000000E-06,   0.000000000000000E+00
   3.545312000000000E-06,   0.000000000000000E+00
   2.766726000000000E-06,   0.000000000000000E+00
   1.913053000000000E-06,   0.000000000000000E+00
   1.689245000000000E-06,   0.000000000000000E+00
   2.340297000000000E-06,   0.000000000000000E+00
   3.136578000000000E-06,   0.000000000000000E+00
   3.678258000000000E-06,   0.000000000000000E+00
   3.867782000000000E-06,   0.000000000000000E+00
   3.768713000000000E-06,   0.000000000000000E+00
   3.608525000000000E-06,   0.000000000000000E+00
   3.706664000000000E-06,   0.000000000000000E+00
   4.254282000000000E-06,   0.000000000000000E+00
   5.147187000000000E-06,   0.000000000000000E+00
   6.159767000000000E-06,   0.000000000000000E+00
   7.128342000000000E-06,   0.000000000000000E+00
   7.988418000000000E-06,   0.000000000000000E+00
   8.754897000000000E-06,   0.000000000000000E+00
   9.485985000000000E-06,   0.000000000000000E+00
   1.025246000000000E-05,   0.000000000000000E+00
   1.107110000000000E-05,   0.000000000000000E+00
   1.191534000000000E-05,   0.000000000000000E+00
   1.270463000000000E-05,   0.000000000000000E+00
   1.334166000000000E-05,   0.000000000000000E+00
   1.372723000000000E-05,   0.000000000000000E+00
   1.379428000000000E-05,   0.000000000000000E+00
   1.350557000000000E-05,   0.000000000000000E+00
   1.286529000000000E-05,   0.000000000000000E+00
   1.193024000000000E-05,   0.000000000000000E+00
   1.079170000000000E-05,   0.000000000000000E+00
   9.589362000000000E-06,   0.000000000000000E+00
   8.480157000000000E-06,   0.000000000000000E+00
   7.623806000000000E-06,   0.000000000000000E+00
   7.101567000000000E-06,   0.000000000000000E+00
ˆéÿÄ…$4r
