   1.025293000000000E-05,   0.000000000000000E+00
   1.121312000000000E-05,   0.000000000000000E+00
   1.160521000000000E-05,   0.000000000000000E+00
   1.134677000000000E-05,   0.000000000000000E+00
   1.033628000000000E-05,   0.000000000000000E+00
   8.672476000000000E-06,   0.000000000000000E+00
   6.419839000000000E-06,   0.000000000000000E+00
   4.284084000000000E-06,   0.000000000000000E+00
   2.403627000000000E-06,   0.000000000000000E+00
   2.501299000000000E-06,   0.000000000000000E+00
   3.910390000000000E-06,   0.000000000000000E+00
   4.873378000000000E-06,   0.000000000000000E+00
   5.391891000000000E-06,   0.000000000000000E+00
   5.330890000000000E-06,   0.000000000000000E+00
   4.811910000000000E-06,   0.000000000000000E+00
   4.536472000000000E-06,   0.000000000000000E+00
   4.868256000000000E-06,   0.000000000000000E+00
   6.225425000000000E-06,   0.000000000000000E+00
   8.079689000000000E-06,   0.000000000000000E+00
   1.004292000000000E-05,   0.000000000000000E+00
   1.172163000000000E-05,   0.000000000000000E+00
   1.274282000000000E-05,   0.000000000000000E+00
   1.308881000000000E-05,   0.000000000000000E+00
   1.266925000000000E-05,   0.000000000000000E+00
   1.151580000000000E-05,   0.000000000000000E+00
   9.915326000000000E-06,   0.000000000000000E+00
   7.983762000000000E-06,   0.000000000000000E+00
   6.440561000000000E-06,   0.000000000000000E+00
   5.305046000000000E-06,   0.000000000000000E+00
   5.090142000000000E-06,   0.000000000000000E+00
   5.544862000000000E-06,   0.000000000000000E+00
   6.549293000000000E-06,   0.000000000000000E+00
   7.782131000000000E-06,   0.000000000000000E+00
   8.891802000000000E-06,   0.000000000000000E+00
   9.832903000000000E-06,   0.000000000000000E+00
   1.018820000000000E-05,   0.000000000000000E+00
   1.015561000000000E-05,   0.000000000000000E+00
   9.892508000000000E-06,   0.000000000000000E+00
   9.991693000000000E-06,   0.000000000000000E+00
   1.085736000000000E-05,   0.000000000000000E+00
   1.248065000000000E-05,   0.000000000000000E+00
   1.451513000000000E-05,   0.000000000000000E+00
   1.642201000000000E-05,   0.000000000000000E+00
   1.782458000000000E-05,   0.000000000000000E+00
   1.868233000000000E-05,   0.000000000000000E+00
   1.898315000000000E-05,   0.000000000000000E+00
   1.886207000000000E-05,   0.000000000000000E+00
   1.844950000000000E-05,   0.000000000000000E+00
   1.786463000000000E-05,   0.000000000000000E+00
   1.683738000000000E-05,   0.000000000000000E+00
   1.578219000000000E-05,   0.000000000000000E+00
   1.473538000000000E-05,   0.000000000000000E+00
   1.449697000000000E-05,   0.000000000000000E+00
   1.545623000000000E-05,   0.000000000000000E+00
   1.755916000000000E-05,   0.000000000000000E+00
   2.004951000000000E-05,   0.000000000000000E+00
   2.207048000000000E-05,   0.000000000000000E+00
   2.316292000000000E-05,   0.000000000000000E+00
   2.282299000000000E-05,   0.000000000000000E+00
   2.129096000000000E-05,   0.000000000000000E+00
   1.883227000000000E-05,   0.000000000000000E+00
   1.705065000000000E-05,   0.000000000000000E+00
   1.784321000000000E-05,   0.000000000000000E+00
   2.234057000000000E-05,   0.000000000000000E+00
   2.904981000000000E-05,   0.000000000000000E+00
   3.596209000000000E-05,   0.000000000000000E+00
   4.212372000000000E-05,   0.000000000000000E+00
   4.658476000000000E-05,   0.000000000000000E+00
   4.906766000000000E-05,   0.000000000000000E+00
   4.966184000000000E-05,   0.000000000000000E+00
   4.940853000000000E-05,   0.000000000000000E+00
   4.944205000000000E-05,   0.000000000000000E+00
   5.104393000000000E-05,   0.000000000000000E+00
   5.458667000000000E-05,   0.000000000000000E+00
   5.955807000000000E-05,   0.000000000000000E+00
   6.487221000000000E-05,   0.000000000000000E+00
   6.948411000000000E-05,   0.000000000000000E+00
   7.298961000000000E-05,   0.000000000000000E+00
   7.479638000000000E-05,   0.000000000000000E+00
   7.491559000000000E-05,   0.000000000000000E+00
   7.318332000000000E-05,   0.000000000000000E+00
   6.948783000000000E-05,   0.000000000000000E+00
   6.387383000000000E-05,   0.000000000000000E+00
   5.685538000000000E-05,   0.000000000000000E+00
   4.936568000000000E-05,   0.000000000000000E+00
   4.268251000000000E-05,   0.000000000000000E+00
   3.774092000000000E-05,   0.000000000000000E+00
   3.469549000000000E-05,   0.000000000000000E+00
   3.257207000000000E-05,   0.000000000000000E+00
   3.043748000000000E-05,   0.000000000000000E+00
   2.818368000000000E-05,   0.000000000000000E+00
   2.689939000000000E-05,   0.000000000000000E+00
   2.792105000000000E-05,   0.000000000000000E+00
   3.237091000000000E-05,   0.000000000000000E+00
   4.048645000000000E-05,   0.000000000000000E+00
   5.107373000000000E-05,   0.000000000000000E+00
   6.060302000000000E-05,   0.000000000000000E+00
   6.293505000000000E-05,   0.000000000000000E+00
   5.059875000000000E-05,   0.000000000000000E+00
   3.579072000000000E-05,   0.000000000000000E+00
   1.045316000000000E-04,   0.000000000000000E+00
   2.482831000000000E-04,   0.000000000000000E+00
   4.637688000000000E-04,   0.000000000000000E+00
   7.578135000000000E-04,   0.000000000000000E+00
   1.132965000000000E-03,   0.000000000000000E+00
   1.585186000000000E-03,   0.000000000000000E+00
   2.102971000000000E-03,   0.000000000000000E+00
   2.667546000000000E-03,   0.000000000000000E+00
   3.253460000000000E-03,   0.000000000000000E+00
   3.829241000000000E-03,   0.000000000000000E+00
   4.361629000000000E-03,   0.000000000000000E+00
   4.816771000000000E-03,   0.000000000000000E+00
   5.162954000000000E-03,   0.000000000000000E+00
   5.374432000000000E-03,   0.000000000000000E+00
   5.433083000000000E-03,   0.000000000000000E+00
   5.329609000000000E-03,   0.000000000000000E+00
   5.064726000000000E-03,   0.000000000000000E+00
   4.651070000000000E-03,   0.000000000000000E+00
   4.110575000000000E-03,   0.000000000000000E+00
   3.478765000000000E-03,   0.000000000000000E+00
   2.803683000000000E-03,   0.000000000000000E+00
   2.158999000000000E-03,   0.000000000000000E+00
   1.667619000000000E-03,   0.000000000000000E+00
   1.504779000000000E-03,   0.000000000000000E+00
   1.715958000000000E-03,   0.000000000000000E+00
   2.123237000000000E-03,   0.000000000000000E+00
   2.565861000000000E-03,   0.000000000000000E+00
   2.970219000000000E-03,   0.000000000000000E+00
   3.312230000000000E-03,   0.000000000000000E+00
   3.589511000000000E-03,   0.000000000000000E+00
   3.811121000000000E-03,   0.000000000000000E+00
   3.988743000000000E-03,   0.000000000000000E+00
   4.130840000000000E-03,   0.000000000000000E+00
   4.240990000000000E-03,   0.000000000000000E+00
   4.314423000000000E-03,   0.000000000000000E+00
   4.342318000000000E-03,   0.000000000000000E+00
   4.315615000000000E-03,   0.000000000000000E+00
   4.226208000000000E-03,   0.000000000000000E+00
   4.072666000000000E-03,   0.000000000000000E+00
   3.860116000000000E-03,   0.000000000000000E+00
   3.599286000000000E-03,   0.000000000000000E+00
   3.305078000000000E-03,   0.000000000000000E+00
   2.993703000000000E-03,   0.000000000000000E+00
   2.680182000000000E-03,   0.000000000000000E+00
   2.375364000000000E-03,   0.000000000000000E+00
   2.086639000000000E-03,   0.000000000000000E+00
   1.817286000000000E-03,   0.000000000000000E+00
   1.569748000000000E-03,   0.000000000000000E+00
   1.348674000000000E-03,   0.000000000000000E+00
   1.163483000000000E-03,   0.000000000000000E+00
   1.028299000000000E-03,   0.000000000000000E+00
   9.562969000000000E-04,   0.000000000000000E+00
   9.493232000000000E-04,   0.000000000000000E+00
   9.923577000000000E-04,   0.000000000000000E+00
   1.061380000000000E-03,   0.000000000000000E+00
   1.134038000000000E-03,   0.000000000000000E+00
   1.193106000000000E-03,   0.000000000000000E+00
   1.225829000000000E-03,   0.000000000000000E+00
   1.222551000000000E-03,   0.000000000000000E+00
   1.175404000000000E-03,   0.000000000000000E+00
   1.079440000000000E-03,   0.000000000000000E+00
   9.328425000000000E-04,   0.000000000000000E+00
   7.397234000000000E-04,   0.000000000000000E+00
   5.139410000000000E-04,   0.000000000000000E+00
   3.033876000000000E-04,   0.000000000000000E+00
   2.917945000000000E-04,   0.000000000000000E+00
   5.128682000000000E-04,   0.000000000000000E+00
   7.754564000000000E-04,   0.000000000000000E+00
   1.017690000000000E-03,   0.000000000000000E+00
   1.215339000000000E-03,   0.000000000000000E+00
   1.355052000000000E-03,   0.000000000000000E+00
   1.430333000000000E-03,   0.000000000000000E+00
   1.441538000000000E-03,   0.000000000000000E+00
   1.394212000000000E-03,   0.000000000000000E+00
   1.298845000000000E-03,   0.000000000000000E+00
   1.169503000000000E-03,   0.000000000000000E+00
   1.021564000000000E-03,   0.000000000000000E+00
   8.707941000000000E-04,   0.000000000000000E+00
   7.318556000000000E-04,   0.000000000000000E+00
   6.171763000000000E-04,   0.000000000000000E+00
   5.367398000000000E-04,   0.000000000000000E+00
   4.954338000000000E-04,   0.000000000000000E+00
   4.913509000000000E-04,   0.000000000000000E+00
   5.161166000000000E-04,   0.000000000000000E+00
   5.587637000000000E-04,   0.000000000000000E+00
   6.094277000000000E-04,   0.000000000000000E+00
   6.611943000000000E-04,   0.000000000000000E+00
   7.092953000000000E-04,   0.000000000000000E+00
   7.517934000000000E-04,   0.000000000000000E+00
   7.885695000000000E-04,   0.000000000000000E+00
   8.213222000000000E-04,   0.000000000000000E+00
   8.525848000000000E-04,   0.000000000000000E+00
   8.845925000000000E-04,   0.000000000000000E+00
   9.188354000000000E-04,   0.000000000000000E+00
   9.556115000000000E-04,   0.000000000000000E+00
   9.939671000000000E-04,   0.000000000000000E+00
   1.032054000000000E-03,   0.000000000000000E+00
   1.067817000000000E-03,   0.000000000000000E+00
   1.098931000000000E-03,   0.000000000000000E+00
   1.123071000000000E-03,   0.000000000000000E+00
   1.137733000000000E-03,   0.000000000000000E+00
   1.141071000000000E-03,   0.000000000000000E+00
   1.131177000000000E-03,   0.000000000000000E+00
   1.107454000000000E-03,   0.000000000000000E+00
   1.070559000000000E-03,   0.000000000000000E+00
   1.021922000000000E-03,   0.000000000000000E+00
   9.644330000000000E-04,   0.000000000000000E+00
   9.008646000000000E-04,   0.000000000000000E+00
   8.342266000000000E-04,   0.000000000000000E+00
   7.662177000000000E-04,   0.000000000000000E+00
   6.974041000000000E-04,   0.000000000000000E+00
   6.270409000000000E-04,   0.000000000000000E+00
   5.542338000000000E-04,   0.000000000000000E+00
   4.788041000000000E-04,   0.000000000000000E+00
   4.030019000000000E-04,   0.000000000000000E+00
   3.324896000000000E-04,   0.000000000000000E+00
   2.774149000000000E-04,   0.000000000000000E+00
   2.499223000000000E-04,   0.000000000000000E+00
   2.540499000000000E-04,   0.000000000000000E+00
   2.784133000000000E-04,   0.000000000000000E+00
   3.064871000000000E-04,   0.000000000000000E+00
   3.267378000000000E-04,   0.000000000000000E+00
   3.332496000000000E-04,   0.000000000000000E+00
   3.246069000000000E-04,   0.000000000000000E+00
   3.020763000000000E-04,   0.000000000000000E+00
   2.695322000000000E-04,   0.000000000000000E+00
   2.333447000000000E-04,   0.000000000000000E+00
   2.028868000000000E-04,   0.000000000000000E+00
   1.902580000000000E-04,   0.000000000000000E+00
   2.033561000000000E-04,   0.000000000000000E+00
   2.383068000000000E-04,   0.000000000000000E+00
   2.851039000000000E-04,   0.000000000000000E+00
   3.348887000000000E-04,   0.000000000000000E+00
   3.819615000000000E-04,   0.000000000000000E+00
   4.222244000000000E-04,   0.000000000000000E+00
   4.528612000000000E-04,   0.000000000000000E+00
   4.720241000000000E-04,   0.000000000000000E+00
   4.787147000000000E-04,   0.000000000000000E+00
   4.726648000000000E-04,   0.000000000000000E+00
   4.542172000000000E-04,   0.000000000000000E+00
   4.243702000000000E-04,   0.000000000000000E+00
   3.844947000000000E-04,   0.000000000000000E+00
   3.364384000000000E-04,   0.000000000000000E+00
   2.828836000000000E-04,   0.000000000000000E+00
   2.297312000000000E-04,   0.000000000000000E+00
   1.897141000000000E-04,   0.000000000000000E+00
   1.863912000000000E-04,   0.000000000000000E+00
   2.328455000000000E-04,   0.000000000000000E+00
   3.147721000000000E-04,   0.000000000000000E+00
   4.156828000000000E-04,   0.000000000000000E+00
   5.254149000000000E-04,   0.000000000000000E+00
   6.373525000000000E-04,   0.000000000000000E+00
   7.458925000000000E-04,   0.000000000000000E+00
   8.460283000000000E-04,   0.000000000000000E+00
   9.333491000000000E-04,   0.000000000000000E+00
   1.004279000000000E-03,   0.000000000000000E+00
   1.056492000000000E-03,   0.000000000000000E+00
   1.088679000000000E-03,   0.000000000000000E+00
   1.101077000000000E-03,   0.000000000000000E+00
   1.095295000000000E-03,   0.000000000000000E+00
   1.073539000000000E-03,   0.000000000000000E+00
   1.038849000000000E-03,   0.000000000000000E+00
   9.942651000000000E-04,   0.000000000000000E+00
   9.427667000000000E-04,   0.000000000000000E+00
   8.867383000000000E-04,   0.000000000000000E+00
   8.277893000000000E-04,   0.000000000000000E+00
   7.670224000000000E-04,   0.000000000000000E+00
   7.051528000000000E-04,   0.000000000000000E+00
   6.422698000000000E-04,   0.000000000000000E+00
   5.787909000000000E-04,   0.000000000000000E+00
   5.152822000000000E-04,   0.000000000000000E+00
   4.530400000000000E-04,   0.000000000000000E+00
   3.949553000000000E-04,   0.000000000000000E+00
   3.455728000000000E-04,   0.000000000000000E+00
   3.109127000000000E-04,   0.000000000000000E+00
   2.961904000000000E-04,   0.000000000000000E+00
   3.015101000000000E-04,   0.000000000000000E+00
   3.201663000000000E-04,   0.000000000000000E+00
   3.428161000000000E-04,   0.000000000000000E+00
   3.611743000000000E-04,   0.000000000000000E+00
   3.697127000000000E-04,   0.000000000000000E+00
   3.654063000000000E-04,   0.000000000000000E+00
   3.479272000000000E-04,   0.000000000000000E+00
   3.188998000000000E-04,   0.000000000000000E+00
   2.817959000000000E-04,   0.000000000000000E+00
   2.418756000000000E-04,   0.000000000000000E+00
   2.053455000000000E-04,   0.000000000000000E+00
   1.786500000000000E-04,   0.000000000000000E+00
   1.648962000000000E-04,   0.000000000000000E+00
   1.615062000000000E-04,   0.000000000000000E+00
   1.618564000000000E-04,   0.000000000000000E+00
   1.594275000000000E-04,   0.000000000000000E+00
   1.506284000000000E-04,   0.000000000000000E+00
   1.341924000000000E-04,   0.000000000000000E+00
   1.108721000000000E-04,   0.000000000000000E+00
   8.244067000000000E-05,   0.000000000000000E+00
   5.169585000000000E-05,   0.000000000000000E+00
   2.482906000000000E-05,   0.000000000000000E+00
   2.759229000000000E-05,   0.000000000000000E+00
   5.280226000000000E-05,   0.000000000000000E+00
   7.811934000000000E-05,   0.000000000000000E+00
   1.003630000000000E-04,   0.000000000000000E+00
   1.187101000000000E-04,   0.000000000000000E+00
   1.330152000000000E-04,   0.000000000000000E+00
   1.432672000000000E-04,   0.000000000000000E+00
   1.492873000000000E-04,   0.000000000000000E+00
   1.509190000000000E-04,   0.000000000000000E+00
   1.481399000000000E-04,   0.000000000000000E+00
   1.406446000000000E-04,   0.000000000000000E+00
   1.287609000000000E-04,   0.000000000000000E+00
   1.129918000000000E-04,   0.000000000000000E+00
   9.389967000000000E-05,   0.000000000000000E+00
   7.263943000000000E-05,   0.000000000000000E+00
   5.013682000000000E-05,   0.000000000000000E+00
   2.767052000000000E-05,   0.000000000000000E+00
   6.476184000000000E-06,   0.000000000000000E+00
   1.336634000000000E-05,   0.000000000000000E+00
   3.002211000000000E-05,   0.000000000000000E+00
   4.387833000000000E-05,   0.000000000000000E+00
   5.506537000000000E-05,   0.000000000000000E+00
   6.418675000000000E-05,   0.000000000000000E+00
   7.219613000000000E-05,   0.000000000000000E+00
   8.020550000000000E-05,   0.000000000000000E+00
   8.895248000000000E-05,   0.000000000000000E+00
   9.874626000000000E-05,   0.000000000000000E+00
   1.091957000000000E-04,   0.000000000000000E+00
   1.195073000000000E-04,   0.000000000000000E+00
   1.289099000000000E-04,   0.000000000000000E+00
   1.365095000000000E-04,   0.000000000000000E+00
   1.419187000000000E-04,   0.000000000000000E+00
   1.447350000000000E-04,   0.000000000000000E+00
   1.449957000000000E-04,   0.000000000000000E+00
   1.431704000000000E-04,   0.000000000000000E+00
   1.399741000000000E-04,   0.000000000000000E+00
   1.365542000000000E-04,   0.000000000000000E+00
   1.341403000000000E-04,   0.000000000000000E+00
   1.339465000000000E-04,   0.000000000000000E+00
   1.367331000000000E-04,   0.000000000000000E+00
   1.426116000000000E-04,   0.000000000000000E+00
   1.510084000000000E-04,   0.000000000000000E+00
   1.606122000000000E-04,   0.000000000000000E+00
   1.702756000000000E-04,   0.000000000000000E+00
   1.784638000000000E-04,   0.000000000000000E+00
   1.841336000000000E-04,   0.000000000000000E+00
   1.862869000000000E-04,   0.000000000000000E+00
   1.842827000000000E-04,   0.000000000000000E+00
   1.777783000000000E-04,   0.000000000000000E+00
   1.666918000000000E-04,   0.000000000000000E+00
   1.513362000000000E-04,   0.000000000000000E+00
   1.323596000000000E-04,   0.000000000000000E+00
   1.110695000000000E-04,   0.000000000000000E+00
   8.944049000000000E-05,   0.000000000000000E+00
   7.142127000000000E-05,   0.000000000000000E+00
   6.340444000000000E-05,   0.000000000000000E+00
   7.023662000000000E-05,   0.000000000000000E+00
   8.814782000000000E-05,   0.000000000000000E+00
   1.108199000000000E-04,   0.000000000000000E+00
   1.344383000000000E-04,   0.000000000000000E+00
   1.568943000000000E-04,   0.000000000000000E+00
   1.772866000000000E-04,   0.000000000000000E+00
   1.950637000000000E-04,   0.000000000000000E+00
   2.097711000000000E-04,   0.000000000000000E+00
   2.213493000000000E-04,   0.000000000000000E+00
   2.296716000000000E-04,   0.000000000000000E+00
   2.347529000000000E-04,   0.000000000000000E+00
   2.368391000000000E-04,   0.000000000000000E+00
   2.359673000000000E-04,   0.000000000000000E+00
   2.328157000000000E-04,   0.000000000000000E+00
   2.275482000000000E-04,   0.000000000000000E+00
   2.207533000000000E-04,   0.000000000000000E+00
   2.128929000000000E-04,   0.000000000000000E+00
   2.043545000000000E-04,   0.000000000000000E+00
   1.959875000000000E-04,   0.000000000000000E+00
   1.878589000000000E-04,   0.000000000000000E+00
   1.801625000000000E-04,   0.000000000000000E+00
   1.732334000000000E-04,   0.000000000000000E+00
   1.671389000000000E-04,   0.000000000000000E+00
   1.614541000000000E-04,   0.000000000000000E+00
   1.559183000000000E-04,   0.000000000000000E+00
   1.501814000000000E-04,   0.000000000000000E+00
   1.439080000000000E-04,   0.000000000000000E+00
   1.367927000000000E-04,   0.000000000000000E+00
   1.288354000000000E-04,   0.000000000000000E+00
   1.200549000000000E-04,   0.000000000000000E+00
   1.110509000000000E-04,   0.000000000000000E+00
   1.021884000000000E-04,   0.000000000000000E+00
   9.453297000000000E-05,   0.000000000000000E+00
   8.866191000000000E-05,   0.000000000000000E+00
   8.485466000000000E-05,   0.000000000000000E+00
   8.294358000000000E-05,   0.000000000000000E+00
   8.216127000000000E-05,   0.000000000000000E+00
   8.159876000000000E-05,   0.000000000000000E+00
   8.028746000000000E-05,   0.000000000000000E+00
   7.795542000000000E-05,   0.000000000000000E+00
   7.438660000000000E-05,   0.000000000000000E+00
   6.966293000000000E-05,   0.000000000000000E+00
   6.400421000000000E-05,   0.000000000000000E+00
   5.825609000000000E-05,   0.000000000000000E+00
   5.260110000000000E-05,   0.000000000000000E+00
   4.742108000000000E-05,   0.000000000000000E+00
   4.303455000000000E-05,   0.000000000000000E+00
X=ÞÿÄ…$„8
